15
3 4
3
0 2
2 4
1 3
1 1
0
10 10
2
9 5
5 9
5 5
6
0 5
1 4
2 3
3 2
4 1
5 0
4 100
5
4 0
1 3
2 2
3 1
0 4
1 1
4
100 400
232 332
312 324
1999 2000
100 5
2
100 0
0 100
100 5
2
5 0
0 5
2000 2000
0
1 1
0
1798 1439
0
3 3
35
0 1
0 2
0 3
0 4
0 5
1 0
1 1
1 2
1 3
1 4
1 5
2 0
2 1
2 2
2 3
2 4
2 5
3 0
3 1
3 2
3 3
3 4
3 5
4 0
4 1
4 2
4 3
4 4
4 5
5 0
5 1
5 2
5 3
5 4
5 5
1966 1984
10000
1634 1980
1330 719
1330 984
574 1408
60 909
537 1987
388 236
153 1429
1590 1668
648 798
1234 853
478 483
102 1615
1291 1519
1287 879
477 805
1432 1899
555 75
782 1725
854 1686
919 329
722 505
930 338
1864 504
88 1856
291 991
89 556
1861 871
373 905
1385 1786
149 120
1936 547
333 348
71 1893
1830 396
467 241
1325 333
1717 1899
73 275
1895 936
1049 764
1900 828
1247 282
555 1875
950 1664
1985 1410
330 1398
877 1834
1872 201
903 648
800 1587
1777 820
960 1615
1238 1052
391 1568
1564 1824
1219 1811
155 442
446 1804
173 760
1693 1884
274 691
1036 1240
58 1234
701 1321
27 288
552 790
1548 1253
1088 1146
1607 115
963 1077
1007 1537
914 764
1031 317
439 442
598 1535
1552 758
1444 635
1522 1725
989 1811
1617 401
1176 1111
1562 822
806 1899
1694 1147
674 514
584 539
1162 1284
1288 1836
837 408
318 1731
87 1640
1958 1902
1861 1209
547 254
162 936
1070 1321
126 1138
1498 724
1198 577
1126 557
1243 1444
1466 596
263 1179
95 276
1773 1773
1352 572
1894 1136
715 1073
745 89
326 1843
1795 602
1190 1981
508 1997
1307 1172
1857 12
243 1008
994 876
1442 1331
817 797
1966 1474
1970 699
1307 894
1371 397
394 391
344 1918
990 1901
1058 238
294 1652
97 1291
1787 385
759 1775
1053 1288
909 1060
676 1299
1098 248
1164 548
48 1330
1284 1811
1584 295
1226 1060
604 50
1535 1514
1822 24
1915 825
1617 1482
674 537
590 713
1854 320
192 524
863 1064
1127 1739
863 445
160 789
1048 276
1426 894
491 587
345 812
1283 1229
884 707
308 1553
34 1266
218 657
1102 1901
883 629
1700 575
939 1228
1164 1632
912 535
1540 812
855 250
224 636
416 506
935 247
1833 1339
712 1911
478 294
364 1449
1264 43
1976 71
454 310
1855 307
1281 967
691 1018
98 1704
552 1871
1785 350
855 32
561 596
465 1370
1516 660
674 956
692 1264
1962 1324
1833 172
182 1562
1601 1506
1081 95
413 1063
1900 775
921 1955
1244 1799
568 9
1352 1853
719 1600
420 1919
354 1823
780 170
1495 277
1324 1548
199 1103
1848 747
1219 1369
720 1603
218 1437
1675 1137
854 499
390 921
920 139
1018 1814
303 451
853 607
1513 1049
1915 706
1233 1092
1391 1522
477 386
608 984
1713 1541
457 282
1633 1184
86 1751
116 356
1043 1682
1370 284
1042 1770
240 1990
63 1878
1254 437
576 852
66 258
1340 1261
690 476
475 45
1131 114
245 376
858 1103
1370 250
1940 1446
580 766
1587 283
1600 1402
1365 1184
764 1148
1395 748
110 851
488 465
889 1781
1364 632
1199 67
1818 112
729 419
66 734
1417 1315
1336 182
1258 1733
1216 421
1475 407
1312 1850
760 570
260 683
450 209
344 382
1091 1965
595 1334
122 1983
1547 454
167 1243
601 1889
1758 234
360 1577
1254 138
1205 96
166 1188
1908 1877
122 1280
141 671
348 1516
346 1006
1637 1949
1638 1185
551 459
1168 1426
1859 473
686 682
51 974
1889 1827
220 1164
1634 972
498 42
1063 941
858 145
1247 1150
115 756
94 508
652 991
981 323
608 1345
753 651
63 1536
1629 71
1071 742
1874 1414
1330 1745
46 636
1734 851
1167 733
1087 1023
157 1351
856 124
591 1582
994 1857
932 326
599 1605
230 1565
430 1155
526 884
187 1049
120 701
1827 1192
280 759
1186 1271
1976 1674
1716 508
786 582
205 1338
1260 1283
1056 1689
693 624
871 1758
535 380
917 1361
1468 1351
1359 1274
1551 25
74 324
1798 1757
327 1420
12 136
1610 188
1829 8
566 1456
1464 1379
60 1389
1940 1404
176 820
1247 1562
1216 1984
1244 1145
1616 730
1974 297
1106 1095
1512 1940
1405 1071
451 170
1269 1392
720 939
1843 1188
520 1194
1861 1492
908 1019
532 1742
736 1796
677 1664
1549 1909
46 1231
347 91
670 714
121 1181
545 1337
1517 1715
1001 442
89 1610
679 1713
223 956
1238 542
967 1897
582 1347
803 459
734 1349
1686 286
1285 148
1553 1247
1782 282
939 1065
1375 865
1371 1328
1595 410
716 461
197 1992
1858 1640
703 1975
1705 948
1457 776
1822 592
1824 294
1774 1466
1498 1985
1657 962
1770 1912
1221 1556
1121 521
1512 1400
1492 1367
983 1930
228 580
1715 1314
1795 1487
502 475
1137 421
383 369
814 571
449 1202
866 431
1683 387
1830 354
1997 145
1231 583
660 1881
467 1130
834 726
52 1949
1115 1986
872 919
620 1578
1315 1367
1439 1067
926 62
1075 355
579 936
1877 1726
1067 1133
400 1520
482 429
1155 493
1796 524
226 618
1636 1290
923 950
1426 630
1774 65
754 1331
939 1538
158 1970
442 1925
313 1769
474 1824
1049 1163
499 1712
589 725
1848 1462
929 1127
86 1718
1365 1838
564 631
863 374
1217 860
1150 1102
982 1181
210 808
1979 577
223 1581
972 268
853 1882
627 762
320 117
1491 727
669 1521
1768 258
281 681
1544 929
1818 680
1318 910
1493 1481
1451 1409
1907 917
1449 686
1426 1476
1889 1987
616 875
1209 1877
104 420
633 1668
844 49
1002 884
825 1077
1463 69
1942 724
1643 595
932 717
156 1624
1119 1457
1167 861
987 1568
1037 335
1583 5
1096 1086
1147 307
12 1325
478 65
355 1430
62 1265
540 1942
208 709
1535 1634
130 453
1485 1685
1194 1911
692 982
1411 52
292 702
653 37
393 1401
1037 1496
1445 1118
469 1684
186 203
1427 1785
622 1952
1710 742
1194 1495
1130 159
1535 876
1873 88
41 1734
620 765
858 596
1434 1765
1792 1473
1861 1444
1224 68
760 33
96 1773
955 1287
709 1364
954 210
1258 301
1715 74
1763 1387
718 628
1393 634
448 1250
1030 248
1787 1637
393 751
811 533
5 520
11 11
887 1244
22 847
965 148
1666 1660
879 243
266 647
1126 270
1035 1996
1286 576
1622 1320
473 1705
1874 1888
49 1142
1304 1763
1206 358
1781 1532
1018 1048
579 785
1241 326
1085 1168
310 1484
1134 473
721 1924
299 1992
1336 851
1249 128
978 421
712 1161
181 1166
582 934
1893 1731
1190 1278
1556 225
888 1975
90 1814
765 1227
1979 565
485 735
933 1054
1075 1748
1427 690
805 1725
1739 1363
1218 1639
1119 615
1833 1348
175 271
103 958
1634 205
1760 1661
284 771
1875 114
70 1320
677 143
1073 149
444 232
1430 1292
621 1125
1112 1596
1757 666
1925 1716
795 983
1101 818
801 51
407 1088
1289 1770
835 445
988 1775
609 279
1111 374
1522 1452
1928 1253
1398 358
865 874
890 1384
193 880
727 780
874 197
1046 1634
150 1065
1505 436
89 1732
1507 518
397 194
35 578
1596 9
372 1426
1908 952
273 1127
1031 111
1066 1788
440 836
1550 368
748 1909
607 1127
281 1284
1987 547
1035 1787
1839 949
897 279
287 367
212 976
574 1730
555 1820
1099 1907
1930 133
1104 754
1505 132
1641 1948
488 287
1997 1073
1762 1023
1800 244
1491 803
658 324
1094 1230
381 1719
1668 1487
1574 687
1253 1185
714 105
166 459
1701 1719
1039 1043
1303 1049
157 1946
932 336
1268 378
1730 1159
52 593
101 700
1201 420
490 35
164 1476
1459 1256
515 223
1965 769
1134 1397
1060 695
1390 638
225 923
935 1628
1029 1087
1761 480
1861 508
1781 723
132 949
1334 1776
525 1959
757 544
1600 1501
418 1459
410 1611
497 1103
1657 1876
147 1415
312 702
717 398
698 1526
1160 1247
524 384
1939 1835
1554 605
317 648
1217 1776
1214 392
1791 1564
1519 763
1523 548
176 1152
1506 1725
1191 423
1014 58
233 332
532 1103
1516 1631
1763 1536
227 1452
1531 213
976 1192
1692 329
379 1767
1898 1132
279 1862
398 1730
838 598
1928 1576
241 893
1154 357
1660 1704
1201 239
684 375
1276 1650
1526 298
1609 168
1937 243
1555 427
1036 1893
1993 1414
993 1330
1957 76
880 542
1818 724
909 360
1265 323
1726 676
1844 544
502 1268
880 135
1122 1116
226 66
1931 1697
1471 747
1264 418
1005 1604
206 99
1651 309
1916 1191
414 26
1240 1298
410 189
1326 1493
962 1541
1458 887
1465 1410
450 1973
1736 548
584 1381
239 244
302 1854
1859 1858
1645 1462
668 483
762 1428
563 1995
770 234
1525 363
1637 1163
1814 1886
1868 857
445 675
1331 79
1921 1646
1726 435
381 1065
914 505
1115 760
1633 1564
1641 23
1925 872
490 1392
68 1390
1234 580
720 655
299 1086
1547 601
1717 210
704 107
13 1626
1179 1191
215 1951
241 1925
1116 1298
1022 415
842 253
586 449
64 326
789 798
193 1565
640 582
1366 1724
1989 590
112 145
1867 1000
1213 338
1066 1541
437 145
1173 837
630 1330
1614 1388
902 1433
92 1449
1567 1850
219 934
1911 1184
1074 1396
1886 175
1032 98
356 1751
207 1286
1700 1061
602 1824
1203 1809
200 1591
1990 555
1079 1221
5 289
1937 1092
959 53
328 1842
83 1112
1421 73
61 1835
39 1453
520 1219
1445 896
157 846
1397 194
1706 917
1783 1089
736 1988
390 516
1598 49
245 598
1650 660
1318 760
423 1986
1415 1307
1311 827
1570 785
1978 1946
364 1476
1789 1363
1254 508
257 678
1206 234
1763 1926
1737 748
593 977
769 1746
764 123
1666 250
987 1059
234 1192
661 237
1551 1285
1857 1318
50 1204
830 247
467 692
870 1438
1949 1866
1956 418
953 1761
74 1398
364 1938
1908 1222
682 824
1009 367
117 1421
1645 828
1957 950
2000 1991
1630 100
1576 945
620 1621
333 1083
1534 1198
1338 244
443 1770
506 1245
983 1767
439 1156
1552 68
230 1383
470 1967
1688 258
1976 842
415 1674
498 1847
1888 1058
1889 501
1797 1958
1902 762
713 376
602 1868
1432 77
154 1080
1231 140
886 274
729 170
478 278
3 807
1689 1833
1234 1417
1068 95
1220 1191
834 741
847 267
262 1846
1805 1953
1742 1021
1682 1629
1978 1543
946 505
772 563
1247 1050
218 966
1988 1591
245 1861
1164 390
1995 1291
1131 295
704 330
91 1985
462 429
1901 751
511 1578
79 826
602 1703
795 287
1322 1513
25 754
269 1991
105 1289
529 1682
445 1165
1920 1977
306 1518
235 718
235 1263
842 1628
996 155
826 1265
645 1334
218 555
1815 1326
1717 285
131 1082
1826 1358
1293 1359
339 1121
305 1505
1703 613
70 541
945 186
1666 1341
599 632
1435 628
1289 1691
303 1582
1541 1607
624 1863
1763 255
1288 62
1306 300
839 1762
62 1822
914 639
1160 1896
408 436
937 1732
525 1951
652 143
54 1683
1111 1351
1084 1298
796 1440
1703 1631
1935 1133
204 1612
1464 974
788 1180
844 504
1839 52
301 1562
483 1002
1196 1439
1299 1230
996 316
825 352
542 1125
828 544
1210 778
151 1458
1927 1597
1410 1687
1003 643
823 1740
1266 711
999 769
1064 1711
1651 615
387 1357
1889 123
568 1198
1995 158
1788 282
399 1249
992 50
962 1356
1701 414
578 949
686 372
1667 228
516 1062
122 1130
1551 615
981 574
156 880
1199 1297
1610 1667
1731 588
439 982
1378 1240
1823 1455
783 1120
1035 72
360 1922
1947 214
968 1821
67 5
698 1081
767 1041
1271 1944
928 623
1211 545
523 873
263 1058
1392 1275
276 776
1840 1523
193 1424
1576 906
715 645
1998 899
1698 294
1845 1073
436 953
1855 1053
1568 903
204 794
1567 694
1237 175
527 1388
1272 608
1238 1583
1123 183
462 1413
1381 1722
1738 838
1448 25
1041 755
906 625
216 750
1831 1336
181 592
1364 78
649 18
1067 1584
1305 771
1360 1824
1245 384
1686 332
820 804
1973 924
991 552
409 749
1788 852
612 109
1547 1925
1822 1008
206 1452
958 1011
1160 1140
1075 697
869 1246
1016 1661
1822 936
1955 1888
227 478
1886 146
1337 1335
1111 972
228 504
301 810
519 1669
1802 1933
1536 75
516 1855
199 444
933 143
1123 1665
1599 1760
1240 561
1758 362
1641 1578
714 376
1261 1886
1007 1033
542 116
1462 1099
264 1693
1827 1537
1381 554
839 976
1850 1983
283 1518
247 167
897 162
1226 1178
1814 1925
779 1100
1665 580
1711 211
393 1896
1694 1304
408 188
1905 1509
1774 122
1286 318
796 1725
252 1885
599 1825
1840 1148
44 1316
163 839
1718 963
1396 1998
599 833
1417 289
511 1837
826 109
1454 384
11 216
1576 681
652 487
632 1808
1189 1263
1548 413
557 730
950 571
801 1761
422 152
1040 1767
1591 1945
732 1221
166 1640
1149 727
584 1836
560 783
1956 1209
749 712
1758 1168
162 1625
1849 423
262 732
221 1190
453 857
1233 1016
1330 1552
964 1586
1954 895
838 282
332 1721
1633 1789
1382 828
1668 1525
1232 526
1053 362
974 777
640 715
661 1143
1585 1841
1710 773
1284 992
717 1734
1854 916
157 140
285 1123
1406 746
951 338
1125 1906
1228 576
1166 1183
1665 1434
807 1237
1336 319
447 1092
813 606
1638 1421
1535 995
1756 29
1244 1710
529 1389
665 595
139 1771
586 678
703 1291
1156 262
535 10
305 1296
1805 1138
1986 1369
945 314
1146 1482
1488 6
1248 1486
868 84
1525 1984
189 1829
1140 1393
947 796
1956 1856
1257 259
708 1745
267 1251
1053 1602
1150 1641
143 541
253 1131
1216 1378
901 1571
981 1030
614 575
536 126
529 1068
992 162
1274 74
13 21
601 870
1113 260
748 1408
1648 1127
1648 839
221 1000
1888 909
1475 1625
611 14
70 1365
457 796
119 1519
36 1290
1229 1691
488 834
1935 184
188 1253
1312 439
836 1093
292 644
803 169
1353 828
1918 1043
1109 1970
1650 1639
620 966
35 761
1164 1669
1628 1910
703 1597
1276 500
279 457
559 1387
190 116
1388 1372
951 300
400 1318
1758 1976
617 415
1475 1083
1054 1174
1983 1109
924 1798
1158 1831
479 736
715 1518
1533 409
675 818
1297 1387
1319 648
1267 607
1149 1492
588 1629
1600 1691
605 1375
11 1560
68 315
1752 432
907 1643
235 1139
352 1628
130 800
758 36
1984 352
1485 286
183 1726
1868 1808
267 1246
453 13
347 466
1482 203
673 1417
854 753
1244 7
743 37
1729 1231
429 651
989 691
944 1715
979 1012
660 1317
1929 689
129 472
348 1093
1104 1360
638 475
980 87
848 102
1688 1709
1490 899
1432 823
1212 1375
641 739
616 1024
1972 1853
1521 1864
268 1698
1590 342
56 935
1388 445
1249 1436
639 510
602 590
782 992
673 1967
1714 228
1985 540
53 98
1497 851
233 1412
1501 659
224 1844
1622 913
831 1268
733 1213
1138 476
1281 303
906 1425
1765 1621
1508 392
1943 409
326 1742
1691 1517
1464 1312
413 1627
73 934
1366 360
641 1007
349 1499
1179 640
844 349
1405 492
1851 222
1748 71
441 1904
1262 1045
361 1046
406 872
883 1474
1045 939
547 1549
985 326
465 1925
1928 279
1355 323
1763 1543
1689 261
848 815
951 61
1085 1743
303 1954
412 125
738 551
1692 304
207 1612
1838 43
124 1598
552 671
153 278
18 1711
272 374
1547 777
702 84
279 154
1499 204
813 1108
364 1541
883 1747
1521 294
1060 39
391 1212
1873 451
267 413
1697 587
138 29
1306 1229
1422 1038
72 1186
1469 1018
458 1489
1408 1960
1663 1656
1122 1668
74 1961
1011 875
1520 1961
509 729
217 884
1331 1950
1798 1916
870 1691
806 1888
260 884
685 458
246 1675
396 438
176 1469
562 1631
1201 1033
1290 260
62 1155
1695 894
750 1392
1526 1584
1728 1637
298 1915
432 394
841 1619
340 949
282 449
974 1920
154 145
1966 110
497 475
495 1010
659 1584
1291 1792
1809 178
1689 1291
1087 1435
1257 1033
818 1946
1939 1117
204 1488
765 520
1539 994
800 1220
135 649
1174 1418
873 1768
1810 1110
562 810
775 1271
175 1723
48 1983
373 1602
941 991
1763 662
1423 398
1841 443
141 1417
1652 222
91 1492
894 764
525 475
376 660
1005 956
1552 1770
265 442
182 578
971 1578
1090 1643
1350 1311
1440 1705
230 565
1018 569
1038 774
1572 1370
957 444
1426 456
1646 1836
335 1824
1637 757
778 738
1885 1548
1778 1999
784 342
1727 148
1433 898
1666 1880
1917 448
2 836
937 327
1740 97
260 1424
1972 1719
140 1924
584 1880
103 271
914 445
1339 1762
1456 1003
268 793
599 1863
1849 424
1879 1862
1632 603
1227 1356
1690 195
326 301
1142 1762
1314 1951
1178 1948
1818 347
1283 283
1577 570
1617 1217
746 444
427 287
1405 1310
796 1484
1750 1372
16 1035
973 128
1477 1161
1965 432
1032 1620
575 1836
1570 1304
460 1076
679 572
1252 750
1199 1543
1195 1572
750 127
1270 923
342 252
294 874
1599 1414
1539 300
1254 1456
988 303
173 1335
1522 1715
348 1486
23 189
1063 381
1719 77
759 897
1859 1095
1985 1148
1296 1672
1256 1647
1484 1762
1679 1801
1916 1913
1716 47
1169 410
635 1268
1354 464
1849 495
965 524
1615 1392
974 1102
375 1497
1281 748
1401 1818
1611 185
334 1980
357 1049
1728 1864
959 150
746 414
1951 1746
1830 144
13 877
1290 1749
1057 567
1569 1191
653 337
1227 1657
1990 1358
561 832
917 386
235 119
1631 557
1277 600
1067 102
1374 835
1185 107
535 1903
1977 1534
850 1482
239 1900
352 1242
1957 1257
1806 316
1473 1402
1585 211
541 1610
1807 1150
812 608
312 559
349 5
230 1173
371 921
1408 1042
556 1183
252 663
1987 1129
232 1358
73 1800
619 78
1672 79
1921 894
981 1236
914 527
1807 209
167 561
1304 1000
500 151
389 549
0 464
699 1617
1842 1403
1168 336
1456 671
1105 371
1396 738
967 870
1608 831
955 1814
1777 738
1035 1748
911 916
1992 1383
1381 1146
1740 107
284 1823
283 1048
165 1853
407 10
1891 1102
1488 345
788 1320
659 1603
1049 1588
953 690
792 457
41 175
1247 1149
1706 1356
34 462
1274 1778
662 363
1921 1991
54 1625
944 491
1171 1333
1919 1067
582 606
1964 1018
1278 1432
1284 136
868 206
604 702
903 216
1151 279
43 120
1438 1625
485 277
1252 1629
1202 1692
1999 1905
1341 1277
1776 1352
398 175
1488 1834
721 936
621 1975
252 513
346 983
1522 1230
1114 428
367 1139
1 910
1075 542
1751 703
1244 800
628 607
1992 1048
47 1492
898 1932
1227 308
472 1069
1058 703
1866 569
852 1808
55 674
1638 1236
797 1317
302 1905
1239 1267
14 880
1339 374
92 119
1911 432
751 1754
1489 140
1041 304
55 1793
1652 1128
1124 1387
272 291
661 129
1697 51
1909 1518
1974 206
1286 539
1572 633
249 1930
713 572
1220 860
861 1383
529 1960
1649 1855
1696 1157
472 485
280 1457
438 1563
1087 494
1368 1394
1520 452
188 1550
1547 1772
1174 1619
920 974
1235 641
18 1875
729 104
34 474
108 228
1083 898
1155 1070
1244 910
474 955
1570 700
510 697
1644 1964
1390 1126
1390 1548
1599 1554
1560 1424
688 1988
1529 106
1009 127
882 228
1810 1492
644 533
1945 1363
915 172
906 692
225 940
1931 566
1947 805
1532 1393
741 1966
948 1589
1220 507
747 197
1734 736
81 643
514 1260
953 574
1307 1954
1248 1658
1017 1126
273 1083
943 381
1064 1531
1701 932
811 394
96 1485
444 191
1876 170
596 224
1525 1476
1980 830
1145 1632
1543 1834
769 521
1680 187
423 763
243 208
1775 1392
144 1293
237 275
909 568
1048 272
733 1519
1005 994
286 322
1340 1029
807 1353
466 468
869 118
266 670
615 1753
1986 1349
1219 107
1831 259
879 482
1909 33
722 64
1292 46
678 294
670 591
600 490
310 71
1669 367
850 1485
1496 335
1838 1994
1233 846
1871 1076
451 1475
673 411
1625 906
1535 447
603 563
152 427
665 1189
1096 523
1412 1412
1900 714
88 22
1055 1022
1748 1512
96 1845
71 1283
1384 1226
652 840
203 135
1055 303
365 1092
1095 1580
598 1776
395 691
753 1706
547 1891
48 477
1938 1458
433 581
694 1361
495 430
1072 323
1302 1823
1103 267
1061 803
343 1594
529 1653
165 1289
1758 544
1186 1492
932 314
1146 794
1816 760
1857 313
1634 1855
1639 1345
94 410
128 1303
704 1797
1268 1537
1511 1585
1829 632
1994 1212
949 1834
1941 1120
771 1354
831 197
1525 1491
522 1813
177 721
1805 261
101 239
830 988
138 759
300 1641
904 839
840 677
193 460
19 32
1978 1141
150 174
598 494
1131 1779
1537 788
1392 207
352 1819
303 977
310 202
1280 508
550 58
262 564
675 1963
1246 1019
137 55
1111 1839
1918 1236
106 1501
1630 1460
75 1471
1431 377
1697 804
872 740
899 1471
183 1332
933 1555
1413 1521
551 157
1261 1982
234 513
550 1590
1477 601
810 1058
760 1370
636 1502
54 1581
1219 766
1398 1230
1692 127
479 536
818 735
957 544
1922 1048
1754 547
965 1449
1508 748
1186 171
1984 1820
1806 1774
1311 368
1003 1456
678 718
530 1724
286 841
1157 125
251 1826
472 90
1464 1821
1472 1255
403 1053
1836 1084
358 219
1835 107
1608 306
1395 590
726 1748
22 1118
366 704
979 1216
1631 199
1425 887
1451 1881
1059 1716
1279 253
1206 1087
820 1351
267 961
1563 47
2000 1649
1396 468
154 1073
1756 269
696 1120
418 1981
1020 849
312 1040
388 1575
1548 670
1125 1126
208 332
59 1958
1432 1123
117 201
1772 200
1072 245
915 1094
1977 1957
1454 1551
32 1310
1601 1515
1316 1806
1477 744
99 1863
947 621
1343 104
1808 1764
1312 366
1612 223
315 1159
407 213
999 295
1211 629
1808 463
194 1909
1847 1625
1222 1210
592 1285
1668 1309
1698 1939
197 147
490 263
646 1564
1640 1034
1002 1336
977 114
1050 413
1462 1400
261 968
1883 111
1185 708
58 1470
719 816
4 1444
476 817
827 1005
1696 1693
1946 1110
78 657
655 520
1350 1125
10 459
1333 1632
1550 1115
932 1734
465 1037
492 1208
490 1597
1730 1333
1995 834
678 1408
1563 281
1889 254
667 609
510 971
966 1360
831 1903
233 391
1339 1435
1934 200
1432 1058
1082 803
1552 1904
1169 476
677 921
1657 343
883 1752
838 507
1986 420
680 252
163 1032
717 684
887 1782
981 1098
485 837
1537 374
266 869
256 1717
192 374
1120 1183
1852 1310
595 1635
668 12
1363 1944
1154 1906
1069 615
349 59
642 1348
1549 1336
216 1451
924 1525
713 565
1695 674
1749 640
147 1632
1673 760
985 707
1287 83
228 1329
1052 873
232 1579
454 1428
1230 564
1612 1559
1272 756
1146 1193
1429 1576
918 1663
1684 1840
1292 1311
1076 959
253 110
1336 1203
1944 221
517 1777
945 605
1932 2000
1989 135
91 1444
683 1004
1263 1512
1327 626
1790 1682
883 1770
365 376
1826 1151
1082 1265
684 362
268 683
1872 1672
1886 841
1635 975
1541 453
834 967
107 1575
1647 1475
311 505
279 805
1707 1868
1291 1955
986 224
1236 584
1726 920
1988 1752
330 1234
1333 1591
1229 391
185 347
130 479
155 494
1608 1914
78 1997
120 734
1601 223
181 713
1947 503
1370 1034
585 849
1548 112
1680 999
836 51
1911 1607
1627 148
1563 117
262 1909
1605 1701
1847 86
885 452
1133 444
1572 4
1409 1072
1454 1673
1865 448
859 313
84 1685
1572 1184
1943 849
1364 1261
489 1655
552 1715
189 1393
304 544
1271 1492
356 1714
869 795
272 1591
1170 294
1389 939
1806 888
193 1292
384 486
65 124
1235 1767
995 1943
193 747
187 102
564 1443
336 1021
285 890
709 264
747 9
1191 931
1727 947
971 752
463 834
1612 1354
25 1215
959 1253
802 1779
1506 1335
669 1780
1642 1957
731 731
522 502
1142 1328
1422 39
1336 1174
1212 31
240 788
505 613
1268 1146
635 762
737 993
820 1603
1364 348
1851 829
794 1287
987 257
1947 944
608 604
1381 498
609 1720
1847 1854
1523 711
1730 700
1943 676
1176 700
1907 1064
377 637
1629 1106
1661 563
196 196
1875 203
1677 1622
861 1159
431 625
1726 1861
1418 426
1106 582
714 523
638 1370
596 384
449 250
115 440
1644 721
313 1214
1472 171
956 345
166 650
1008 315
257 173
1910 740
1606 623
1181 238
351 1239
1890 108
1508 660
1041 1293
1036 1549
1140 1446
1889 1906
1786 321
1723 408
497 1142
1789 1297
1703 1129
808 1647
258 1968
621 240
785 592
1785 654
594 425
1392 1669
68 933
1955 1678
1973 1211
1349 349
364 1196
1547 501
517 67
149 1855
1608 1407
1564 161
1758 764
97 44
499 1440
1185 1808
710 471
1535 1475
637 1096
34 1363
747 292
949 1588
1852 390
1147 1103
180 194
1871 86
1909 1581
939 1794
18 120
1130 1368
304 911
1019 1511
845 1509
1542 398
331 614
1146 1793
1248 14
595 907
117 149
1156 232
760 653
1211 1305
1828 206
195 1171
755 1157
1136 173
728 1468
54 602
1228 1780
53 1746
314 649
1941 1930
1931 318
1978 227
176 817
502 1716
787 1603
988 375
1830 1494
1434 1043
1044 1221
901 179
169 562
1469 629
1097 1730
1923 65
781 468
87 323
1439 105
1866 1473
1771 1745
766 123
1686 1704
4 216
1332 1342
76 341
1102 481
132 486
731 1798
1461 1046
599 1728
1884 1899
919 1734
1008 1429
626 83
1911 453
1448 700
1044 213
1920 89
972 804
904 1870
1852 745
545 1021
1500 1706
551 584
363 896
1177 284
728 1031
1359 1281
1115 416
1065 114
944 1238
1140 1779
1308 864
1635 832
933 673
977 452
287 1746
1161 438
1193 586
629 301
254 1006
464 780
1982 245
1129 407
1542 491
73 1055
1773 1036
1249 1804
268 1521
1801 1919
184 918
1043 1252
689 213
174 1941
1963 1140
160 948
1068 675
1678 676
1072 1574
1116 650
390 702
226 1110
481 1569
219 1243
1737 1133
1853 720
1707 1694
1366 1253
632 459
15 937
677 268
362 310
1205 859
1507 1244
1008 1048
11 71
1457 262
1376 670
231 951
626 1612
1482 1589
1835 1959
1080 1222
1184 792
946 797
587 138
365 1894
808 1611
646 1868
512 1777
549 1953
775 42
1473 1358
1167 1663
1557 67
1748 1384
596 1664
1046 184
912 1289
1416 596
1199 616
33 1151
766 1581
253 1675
560 1549
13 321
885 576
1586 528
1841 466
59 1397
1166 1446
650 397
1357 1451
1176 742
1765 1250
1863 1311
1687 1936
6 571
1382 1666
1971 1582
1420 1978
1484 888
801 465
1296 1864
872 168
841 907
1239 638
1767 765
1582 1307
1954 1240
1571 530
918 1536
1919 1477
1434 583
1020 885
1573 1829
1609 650
440 1179
361 1174
1389 1046
520 1465
644 1801
1227 96
977 281
1499 1288
1285 1528
1565 1626
1770 359
1602 1223
784 54
1850 499
1350 1986
535 169
842 804
1076 1518
432 512
1620 589
1469 1603
149 1547
187 330
1100 1091
1901 158
702 1608
1104 387
131 1487
841 128
1943 923
1096 853
242 436
1976 6
577 1323
1035 1425
1620 323
1195 1602
1397 873
410 295
7 492
493 1366
585 122
313 1283
572 472
1964 326
329 849
1439 1122
1522 1336
1852 878
1793 1682
1299 1450
824 1812
1104 1197
24 1485
1347 466
1834 286
1366 532
886 1895
1201 1793
149 341
1858 1137
544 877
1671 533
520 1933
1097 1083
620 1701
779 1050
1124 873
1894 741
556 202
1465 1447
1041 1728
567 159
1271 1729
184 284
1232 1778
1842 1113
672 1641
80 1533
1857 155
1349 78
101 1758
933 259
1238 819
196 890
1280 1629
579 63
303 467
543 340
1826 9
1003 1780
818 1049
1617 472
1903 431
779 1431
228 988
142 1835
1094 1248
79 1967
444 1769
1598 444
1047 1030
931 1776
372 994
1270 1728
1975 708
1919 1485
526 1575
532 1187
1575 332
1033 1060
526 1160
308 55
1448 840
853 1706
819 458
152 696
571 1708
770 1581
431 1574
1904 1006
1910 1879
1427 827
1078 1989
1353 1582
728 1837
1094 1935
445 331
1863 1901
1678 1227
160 1932
1976 559
402 277
228 882
432 1424
962 1689
921 864
512 664
456 1988
1282 705
528 1431
148 982
530 1909
1592 791
403 202
1137 376
1630 805
294 1493
1896 503
355 62
923 106
1102 1976
760 462
1776 798
1077 929
1527 980
959 1552
923 1972
1052 1333
1103 1636
1995 193
690 1286
574 1480
664 1743
202 1218
47 1930
994 1694
509 667
964 406
1731 603
1707 939
1762 478
1264 1902
1480 305
1846 1715
1748 1469
568 720
1891 232
1440 1881
717 672
435 1140
457 1708
723 422
1724 531
1825 214
1871 1498
810 652
1986 1339
1551 172
1146 404
1405 872
548 1583
1814 1966
650 1523
1764 990
1566 834
1260 710
595 1048
1600 110
1024 310
523 291
1071 994
1112 593
1232 735
1678 890
191 1740
1856 598
1885 1652
1565 1675
1417 752
631 1630
1037 791
1422 1435
1627 397
1096 64
1796 657
1776 398
16 202
293 201
1057 1945
29 1003
376 1457
1791 816
1109 1921
702 1867
1843 546
1626 1744
1411 424
758 1733
1673 1883
1757 1488
384 582
972 623
124 1832
205 1372
1525 1908
775 1986
4 1507
1599 236
656 1897
538 64
1965 822
289 182
1658 752
1717 1281
1107 683
772 386
465 383
1821 851
969 693
569 483
1691 1299
1645 428
1470 267
1292 1516
653 1534
713 1009
1876 1537
72 985
168 243
1373 1859
353 910
60 984
1900 1095
490 734
202 700
1181 931
595 1084
189 1139
1305 675
840 917
34 926
1585 882
1895 1936
794 166
2000 1631
1949 696
190 1981
850 1623
95 419
254 164
1983 372
619 164
743 1592
555 729
730 851
999 464
150 496
1126 28
1248 311
1594 992
602 1226
1828 317
544 1500
754 1174
1874 1171
630 243
1895 836
1447 1218
93 71
746 1723
703 1225
637 606
880 1686
312 174
1235 249
387 1770
64 734
1078 888
1789 630
1358 1949
1823 215
1026 754
374 326
1923 740
543 761
393 1138
1465 164
573 1367
1240 143
1016 150
909 1386
1821 129
1841 1570
1462 1060
548 1978
291 1102
1166 1907
878 127
632 1189
196 1537
917 1455
1024 1596
594 103
1897 9
498 1413
402 107
1247 653
1730 1804
1997 1667
960 1316
1990 1960
1815 545
1121 27
299 1920
1081 1385
1023 1593
451 558
827 904
1550 166
807 1194
1787 1127
1815 246
1823 36
88 1916
936 799
788 1819
628 1689
1898 1350
758 230
1216 1775
252 486
964 1612
781 664
1921 163
725 1297
1939 1634
207 1693
173 28
1987 826
469 761
1645 390
910 751
1621 346
1798 661
1367 975
1015 904
227 185
90 1052
425 607
121 356
993 1882
191 1255
1448 1482
1868 1903
529 364
1996 88
424 1831
60 1170
567 1059
139 1100
1312 970
684 51
557 1293
191 650
1776 34
1211 1445
1756 1885
1061 852
894 523
1145 1526
1868 1304
1800 1886
127 1289
259 341
1812 1279
1498 676
1398 1109
1454 1965
687 1238
1479 1463
581 468
1702 1966
1495 1464
1472 250
1236 688
1006 479
707 1355
1973 1661
1894 1031
1832 1598
1236 1658
1477 1194
731 913
1944 365
880 74
1790 398
1934 869
109 1128
819 107
1102 961
583 381
596 1496
1225 1539
1024 227
1390 1229
923 674
1562 1425
288 1161
1079 1470
1801 1424
1642 982
295 247
754 1702
716 1407
11 255
217 1341
1076 1732
1101 173
736 940
1837 1987
1543 281
1519 558
147 261
833 1198
1731 870
1842 1726
1644 1265
1702 215
785 1500
1840 1639
1085 1428
2000 249
1995 279
132 1202
1874 1962
118 1711
1774 1624
1960 836
1292 684
1283 1943
861 152
701 743
148 1856
959 961
65 1930
599 621
319 852
1377 1208
1374 1168
629 1081
1259 67
1361 1825
1742 1043
1964 1538
1027 914
155 463
1392 1738
1969 1808
1929 1319
463 124
929 1354
186 1201
1324 591
356 1057
110 1831
243 1340
677 46
291 193
1574 494
137 1480
419 259
1902 1163
1348 369
1834 1579
698 351
1764 363
480 897
1631 879
574 1168
1849 1115
577 1185
1237 261
747 754
832 400
601 414
2000 1117
1369 991
977 1191
727 556
1226 14
1030 783
1766 1884
1589 1011
66 898
1470 1693
2 838
1734 1314
871 1097
1103 372
551 532
601 533
492 1883
910 716
430 347
854 509
462 844
782 1084
1440 1475
371 537
1503 1844
876 491
1035 1974
737 1664
301 796
1059 154
1620 465
1529 1196
1006 35
4 1261
978 1494
246 580
385 537
22 357
1022 42
179 272
88 1738
179 232
557 1223
1052 1730
1968 1218
790 684
264 1643
1752 1168
892 1009
846 43
586 1462
971 204
6 1776
450 851
1721 642
85 1032
1881 632
830 1554
1410 1399
1068 245
1491 856
1004 621
727 1363
792 1956
1481 252
658 1952
551 458
1513 1336
651 1423
1323 952
1923 1010
1868 217
1113 1711
397 1186
1990 1083
1202 871
59 1063
1112 1958
1718 1561
559 618
600 578
1991 1719
77 1977
128 390
599 994
1877 694
1900 599
1499 875
963 878
1111 587
1082 782
1517 386
1330 762
1907 1767
1368 90
1085 1085
1594 8
1518 804
1362 1205
712 683
226 1631
253 1756
1006 111
1132 1267
819 858
917 1062
1186 1590
1828 1379
810 1676
733 459
685 510
764 1967
837 119
1342 768
1169 1932
1155 1368
1651 1567
922 1964
1396 1530
1586 932
47 1793
1023 1393
352 343
318 1429
1762 44
1166 529
1516 362
1087 869
1756 889
788 1147
914 1957
208 879
871 99
602 295
214 654
1331 1251
263 330
1948 1967
507 1280
648 807
1583 843
1180 1812
987 1960
1878 1213
1343 40
704 1832
1241 996
843 868
412 66
692 380
316 131
1979 509
92 1231
66 1398
283 199
1565 657
710 509
1823 1231
475 1668
1027 1543
1177 889
261 1947
1106 1094
111 644
467 808
187 501
1460 992
262 1465
445 1452
667 1662
353 1118
1016 1688
2 156
394 1054
1052 1689
736 1344
939 686
248 1223
1354 1530
1511 113
537 1643
1107 97
18 678
530 1409
278 752
1495 1719
1255 1428
760 1363
641 1300
116 1642
1443 340
244 1356
431 1470
875 1880
800 223
1841 1218
1579 1838
418 765
1185 1583
1726 734
867 781
797 1637
1727 1556
1481 1590
518 75
305 703
481 847
1072 389
92 1404
69 995
810 1650
565 1878
642 1076
458 1762
1673 78
878 1996
570 681
1881 1226
1532 1123
390 908
1129 1960
1050 1045
65 616
752 637
18 628
276 1389
381 1238
1679 427
18 432
1859 6
927 53
1085 1478
98 1176
154 1161
794 1599
1352 1181
966 992
383 822
611 1023
1071 1490
1478 1604
1757 998
1720 289
62 555
875 1842
972 581
823 943
2 1259
282 1173
679 608
1824 1464
1482 785
1412 1494
1956 295
1008 1697
802 1853
928 1955
384 750
321 1378
346 745
1406 68
1791 1734
1879 264
830 1772
337 853
219 1353
1448 1866
263 296
1131 289
1209 1075
1075 1299
940 956
537 1821
1949 946
1556 263
271 214
1470 1178
374 380
1953 647
1795 874
637 1273
1788 427
1846 776
1162 682
961 1430
51 1884
513 812
442 1673
1198 1697
950 132
1740 295
553 1355
1733 1508
1774 106
1454 1369
142 1408
1975 454
1698 1238
1872 1653
1732 1993
1310 1409
30 795
363 1318
461 331
47 781
1902 479
1724 1327
1239 669
1314 1141
1452 1670
1044 387
617 1266
1334 1983
1110 1190
888 593
228 545
41 886
7 1999
962 283
1084 1032
482 1822
1124 1660
967 1117
570 213
1925 1869
1211 1999
1845 876
454 1959
153 104
81 1817
1098 1996
721 617
875 908
330 1044
393 343
563 457
678 460
1049 1224
121 1243
346 1535
512 1672
1614 1702
141 252
863 1672
1102 1319
117 1404
371 717
704 637
272 1628
1509 592
1443 585
1061 1191
608 1080
1014 1477
108 1505
1785 112
402 1683
908 1061
589 1716
1014 839
1335 478
1214 120
1577 731
1207 1868
834 1526
1387 675
1061 327
878 1531
1558 1148
564 855
1701 838
1879 294
944 1661
453 540
1917 277
523 201
271 1378
1414 1643
410 286
1406 1604
1191 1133
816 1438
307 1408
1196 1803
144 65
1250 1807
1603 719
265 740
1647 1960
640 1783
1131 1298
444 1372
1858 1860
849 1280
1731 1562
1736 854
395 1245
1832 397
813 965
1307 1174
833 509
925 1163
1031 1073
581 358
829 1
1316 1116
226 1514
747 1903
1334 1399
294 607
380 831
1502 537
816 1653
327 193
1735 721
357 969
957 280
546 1019
790 682
327 745
758 1247
709 1554
1384 577
310 846
503 1207
215 584
525 1116
989 163
1529 354
1223 838
1207 765
1579 487
233 649
1472 110
861 97
1228 1128
1292 664
854 1295
679 1086
1404 821
1501 823
313 1190
1476 1344
76 1033
208 1279
144 469
297 1835
1027 1310
779 1198
1263 1689
471 1041
92 1801
22 699
1512 729
290 1116
677 580
1057 1212
1580 1545
25 10
1347 1920
1527 509
1595 602
1467 104
817 122
1632 1173
1977 1899
683 319
177 62
919 1751
595 1937
1196 1256
646 66
1270 359
840 537
1274 1335
1696 1261
36 999
1631 1883
1519 461
861 21
1766 1322
970 657
1469 227
1049 661
1471 1134
1096 690
389 142
1677 1987
870 1367
1809 1956
1962 1917
447 1848
1571 1798
1032 336
1056 296
1101 335
1611 248
197 1029
1293 1462
942 732
326 558
502 959
573 488
473 1870
988 1048
628 108
297 1898
1964 17
1134 1765
978 125
439 1782
250 937
1065 1252
8 1101
1192 522
1621 1233
1443 94
728 1909
374 1620
1065 633
1424 1023
1930 1959
290 618
753 1337
1291 1800
1222 794
234 654
1026 1057
19 1673
1448 365
1354 1628
1744 889
719 646
535 1401
1044 508
291 1649
1411 1317
1372 1744
577 773
1088 797
1066 1552
765 1026
176 1502
1887 596
1372 743
1054 588
199 1118
722 629
1149 918
455 3
1661 1304
1790 305
889 454
696 106
1757 1076
1110 1501
1330 651
1027 894
618 1546
1269 1948
542 1928
157 1195
1961 365
1083 526
455 891
216 1483
841 1368
480 73
266 52
1273 1722
215 1410
1444 1851
693 423
1523 611
490 921
322 301
1496 1773
679 1141
761 1181
1327 1237
1236 1792
664 1813
941 1807
1551 1070
692 1921
149 1422
459 490
311 1241
1902 108
37 1785
1750 1465
147 466
1257 1249
1432 1294
1198 1725
1296 1941
1607 558
189 671
761 505
1949 1123
820 1654
601 824
1945 24
1136 247
728 1590
1296 1168
342 1993
1533 181
924 1600
915 1305
1420 912
27 779
344 818
1648 1448
754 1661
361 1335
77 730
1179 1461
408 1365
661 1312
1362 606
141 909
1653 88
1187 1931
1196 684
618 989
707 1325
121 1795
525 354
1786 1740
726 1812
1706 150
433 1102
1258 400
1697 670
1557 1939
304 477
1205 1306
461 383
480 1258
380 1827
814 201
1554 614
598 373
1673 1078
1164 359
44 377
113 1916
665 300
1087 379
93 564
1536 379
761 322
1084 60
1399 1341
678 1579
917 1159
864 1217
245 1415
260 1181
398 1499
582 832
344 687
416 1947
1128 1020
336 426
1157 293
957 1822
1535 1783
1010 23
1903 540
678 1500
390 1466
12 1601
1941 1749
1556 601
1544 1694
1 1401
727 1515
135 93
1019 1223
1150 990
1042 383
945 1084
415 242
29 1454
1670 456
1245 630
1054 535
687 1592
250 1936
938 1682
1822 780
1970 1526
1475 1111
1966 802
148 732
1689 1568
335 1801
1999 1800
74 544
672 764
614 750
1748 1896
1842 1998
295 1977
1319 1
1727 1565
1962 887
1543 888
246 1738
762 1681
1206 325
183 829
382 1606
1099 108
461 1218
1127 1780
1319 1042
1400 354
889 677
1528 464
402 1585
1470 1434
1350 1624
710 892
790 698
1025 566
526 1333
1482 1245
121 1117
1326 845
1687 1196
1916 1484
1996 204
987 509
548 434
1154 570
951 345
1805 950
1176 1049
1320 665
141 1877
889 1084
1361 1732
99 214
1409 565
1965 231
1425 1034
1068 274
1935 138
1114 126
910 513
1321 984
186 874
819 1191
70 1147
500 1562
336 1765
608 715
1640 743
1767 1693
852 253
1122 1063
800 634
1792 711
1463 60
930 544
1815 385
1353 1456
1185 100
1915 93
249 1794
586 164
607 1998
1542 1363
244 1928
1477 314
140 212
833 398
782 1466
652 775
400 1284
1374 1493
1376 1097
50 1165
1454 1200
1165 386
157 1229
1539 1785
97 388
1640 412
1776 778
36 24
872 362
675 1752
1076 1283
240 1613
1011 503
907 406
994 1115
490 1603
16 0
1179 38
1610 1029
1873 468
1059 458
1433 297
1814 820
1115 1203
1887 1172
1880 1778
1518 1348
350 1791
1461 1577
1750 235
876 671
1320 1945
988 1897
1461 1192
1438 1572
79 1494
559 1474
514 566
695 204
790 294
1096 809
1940 1467
1967 150
1652 49
1774 1809
614 1767
52 608
561 932
1656 1251
1273 1604
1625 13
551 375
690 975
529 446
1776 804
1602 1930
1810 809
1727 1830
694 1630
1866 554
283 736
1950 430
895 1729
1907 1247
1061 1306
997 585
1955 757
4 366
1269 1813
659 1903
196 1809
1096 1559
1571 226
1098 86
1282 1895
432 647
591 1407
1669 1622
134 634
1520 388
1081 593
1995 1442
1152 422
401 460
1043 1680
1611 1211
154 1821
876 574
1483 293
1008 360
9 443
1695 1096
1018 167
1391 511
376 76
1331 48
4 1838
967 411
527 1316
378 1890
1398 1146
98 1016
671 1454
151 1941
40 1581
122 865
1749 1886
563 852
565 943
1174 361
120 1803
841 1994
612 1370
820 103
113 1407
1167 1134
560 189
1835 899
1856 422
1788 316
1459 1655
1928 1593
359 163
693 298
1363 23
755 1337
280 1899
1416 437
762 1030
23 1441
1316 789
1016 1418
306 1231
1013 441
1676 1145
850 689
506 1234
341 506
1576 1270
1163 999
1630 1342
1284 1824
1194 636
1086 917
464 582
473 97
48 659
120 713
1160 664
298 787
1224 834
1661 1495
1830 852
1827 225
403 472
1638 1960
1125 264
1559 244
150 817
1848 1674
1463 615
1849 1438
382 785
40 241
104 895
1308 710
486 93
1340 247
1789 8
1999 1219
1012 29
53 369
1106 1868
763 1365
1400 622
1459 1530
1315 1957
482 1958
683 1475
1629 1476
785 869
1602 1180
609 15
1859 1668
785 834
742 1493
1125 1417
785 860
783 1726
1706 1120
675 953
1743 260
1973 1578
711 1222
255 50
1451 1644
214 1108
167 418
666 1776
587 307
92 244
1816 781
915 44
1321 1255
272 1189
550 1918
209 1283
1378 1475
863 1005
745 302
487 1814
712 1727
1978 1240
1408 1476
927 726
1343 1680
1185 600
971 1233
394 478
1438 821
52 1175
1058 458
251 1996
1206 1995
466 1224
1028 724
488 1525
679 966
1936 37
1624 284
625 997
1940 1881
1569 865
556 603
1310 160
875 1022
920 441
1321 51
1084 1236
27 1727
396 89
1094 1898
1239 1364
607 1861
432 1945
6 229
222 585
237 1722
1111 265
633 1944
1532 1630
1507 768
442 377
996 1425
1543 255
898 40
1984 236
932 1060
226 1409
158 1671
1001 114
118 1212
183 956
688 1354
874 442
586 1790
1951 1244
16 172
1918 285
1048 41
33 1255
1931 650
1350 1482
851 1718
591 602
330 421
1566 1943
1881 1213
233 1134
1391 1394
437 119
1233 851
1867 399
1073 796
1825 1161
1979 1918
47 1735
1592 985
995 1741
1832 581
767 223
879 1403
148 1096
61 356
1134 303
1631 554
1737 253
1439 1203
885 1252
998 406
1779 1978
567 1928
182 1334
503 70
1871 428
398 1011
627 1860
241 170
1074 51
1261 1478
948 900
1939 1768
1387 1695
1223 1971
1307 935
1949 225
990 471
1107 631
658 1185
1740 902
1965 370
1972 948
122 1876
1959 51
1676 1126
1397 1184
1807 208
632 815
1518 1346
1376 1524
1019 287
584 685
1216 422
1138 1576
332 1750
1625 1328
1378 211
736 1362
427 382
1602 143
1498 8
1695 1421
1176 459
868 1451
1099 822
1565 163
893 1065
1243 1674
215 1441
1689 1119
222 1173
1034 1417
1908 1323
1998 1184
1582 714
195 1816
4 1799
1167 1535
1627 1420
189 1032
1775 1604
950 1315
672 1668
1616 1293
1709 1245
7 740
1520 122
1191 1346
1127 1211
1046 750
631 1394
141 1715
783 1533
1606 840
1101 1497
576 645
189 699
1293 1210
1368 1360
920 1108
1827 450
800 1856
109 1140
1970 1767
961 1427
518 1741
274 602
1641 1263
247 1222
1068 1685
1681 1326
993 1731
821 803
568 1085
148 986
574 1901
67 1847
1970 1131
1587 481
686 691
772 1972
256 1618
2000 1156
1621 661
846 1384
1859 1007
853 1872
436 1213
1312 950
1076 1863
1736 196
1368 1917
754 187
846 298
772 467
1407 862
938 205
1670 565
1733 1972
1154 1394
765 1078
1020 409
1280 1020
1488 1125
293 1679
52 1348
293 1168
1140 1626
989 469
930 470
1734 325
739 1637
930 257
598 928
1977 36
1389 1224
134 433
1318 718
1063 678
357 738
1722 687
781 1913
1824 821
952 965
1105 715
1123 952
303 1537
135 1355
1897 933
672 1154
454 886
1968 1704
1731 1688
727 1048
516 364
1439 1185
1708 989
203 687
1057 1543
1760 1098
1627 1259
1469 558
1092 1684
688 223
1739 121
1175 229
1252 1567
1953 168
187 718
416 367
1429 1309
350 590
1841 1575
1033 251
846 409
1588 662
719 529
1386 1428
1008 792
433 1692
697 1706
1401 622
462 110
1251 246
1694 1073
1237 1562
834 1048
1492 1695
1028 571
364 1821
59 901
1205 521
147 1329
404 1335
1277 182
143 324
1425 966
1521 1719
326 1505
535 853
204 507
708 2000
1279 517
86 1984
1816 894
783 936
1969 1130
295 1021
1732 1623
1405 508
1958 1808
1632 185
1570 495
1941 1764
1873 164
1670 1697
140 15
505 598
1587 1652
735 315
1226 411
1981 1657
1150 556
135 1735
299 1818
351 943
958 104
548 1707
860 602
1164 300
68 900
636 1283
1600 1364
442 1382
130 1478
462 43
82 600
863 1246
867 1210
765 1721
1141 548
530 212
1557 340
1678 1073
674 219
153 1112
1452 391
953 1411
56 1125
962 1555
597 712
265 649
843 1703
164 1364
972 1411
664 273
1968 957
1286 1789
416 1454
743 92
129 315
1191 1656
283 1155
1602 180
571 1209
118 59
257 853
1163 1866
1930 388
1556 1752
291 1992
922 171
1364 1482
1257 1853
104 1403
697 578
659 1800
1239 1007
1181 18
1451 1490
492 1899
1067 642
728 1781
744 303
554 1909
1257 428
1524 1015
1916 1436
1743 1133
110 607
109 1014
528 1222
1092 1931
1804 297
270 1087
178 1043
661 1382
48 1420
1248 1851
219 581
57 756
150 373
629 999
482 1576
803 1283
783 98
358 320
554 975
1233 1225
1297 1654
821 1217
1699 845
1121 1784
877 942
438 489
1967 948
1730 1826
389 720
722 632
1592 344
1482 1945
212 522
1234 1415
225 919
1943 866
1891 1638
1390 1989
82 208
1317 1702
1924 757
572 1291
1581 1417
1146 66
510 443
466 1000
523 990
409 559
576 1044
92 1793
418 649
1718 613
890 1186
469 170
1983 1255
805 1239
1607 475
345 1612
421 383
997 647
1047 551
964 300
1535 5
867 1273
1027 1111
285 195
239 1149
1773 1206
582 48
1622 696
1558 915
455 1535
375 1333
139 667
665 1760
413 1608
635 771
1152 1068
1041 1387
241 726
1932 265
667 959
321 163
1618 1277
607 1728
1129 131
1897 1433
156 801
1194 260
1793 126
851 598
804 1023
632 742
1691 1895
1285 1376
1976 336
1604 463
1625 861
622 83
1138 756
814 922
129 647
941 1365
1024 852
534 440
864 1207
1932 1219
179 657
220 1704
1359 1646
514 1720
29 1075
1541 883
1585 461
724 315
1177 782
625 1460
1266 487
1911 1086
100 142
1857 378
1405 275
1819 1837
1984 124
24 683
1947 187
1650 1420
1834 758
162 1248
37 1953
634 164
614 109
895 740
1824 943
223 787
1565 1294
1599 1463
1225 937
436 1687
426 1546
220 1189
1647 1604
1466 984
1742 1828
1047 1630
1054 1503
80 205
1946 13
271 675
1375 1822
926 981
435 1136
1661 33
1659 634
1268 656
311 706
1146 395
946 1917
259 1179
987 1630
1664 772
1300 102
310 163
1365 1706
61 1128
1923 1416
612 1500
776 1232
392 1943
1833 1743
1402 1404
1366 717
413 838
1023 1308
27 280
138 1205
613 904
555 913
393 1292
1343 235
1586 1851
540 977
1848 1002
400 919
79 1619
1438 1167
84 1994
1073 168
521 596
634 842
1136 1829
56 567
1363 1049
735 1105
15 1247
1704 899
46 924
517 1686
95 972
75 833
929 1636
1990 434
1770 1017
1999 1793
963 1988
1511 1682
1500 875
1344 488
481 843
1402 211
783 1464
1214 152
884 1700
998 118
1137 219
1231 952
1557 773
600 293
1663 1225
1623 1619
841 756
248 812
251 742
305 781
379 851
1784 970
14 1036
1654 1014
640 236
1130 223
1001 1887
161 1119
1974 582
248 1807
1774 1650
673 633
1979 1763
704 1263
1918 265
1400 1081
538 1378
1298 668
1047 1092
400 977
320 1242
700 1792
380 946
729 84
1071 450
539 1950
1463 232
1950 936
527 1170
882 824
1092 1555
199 132
1255 1783
560 992
28 1672
1511 414
1251 510
1283 1421
1563 204
1576 1032
607 1164
982 1703
494 955
1658 401
1081 1139
334 1273
1610 239
838 1569
1874 296
908 367
1223 1102
1296 1489
1447 1864
1877 1993
1850 803
1820 1617
1695 976
746 651
578 1461
1237 1833
1288 1012
46 87
219 224
1972 199
1521 335
416 809
803 1876
407 1561
468 588
1053 641
1483 1223
1267 495
1787 167
941 76
1425 1185
1693 624
961 1005
834 675
761 940
1232 788
345 1311
415 1267
1153 1029
412 1096
783 1379
1595 1223
65 783
1114 360
160 112
1372 555
1293 1983
426 916
1690 399
233 1087
835 1096
181 1339
1253 1953
508 1468
1666 1014
876 75
1628 772
1641 1291
1489 1645
1153 1476
1909 846
1817 54
35 1252
561 254
948 226
1895 1240
979 929
1768 881
142 114
86 265
42 1083
941 901
1371 93
327 1560
1357 1311
1477 1705
420 1124
1790 524
650 1564
778 751
712 460
1477 641
341 961
279 1750
641 1095
351 484
91 1158
1409 1805
370 888
1931 1880
904 1632
684 1047
372 988
807 997
1330 788
1645 737
565 1706
1036 605
853 1246
1803 366
1346 448
830 263
25 212
1317 759
340 867
510 1710
1428 305
583 673
1211 833
1158 1184
9 721
440 925
1315 1388
1920 973
1905 1124
1171 531
1550 1300
390 906
1264 1147
1021 1882
206 344
1051 1081
1205 877
1401 453
1142 969
1173 1566
1415 210
491 1066
1099 445
160 1339
1516 1473
1428 1195
1491 159
764 1223
1728 166
1777 345
473 1176
1107 77
918 1245
1484 993
1614 1688
986 1994
612 786
1000 1107
2000 511
369 764
16 1461
1776 751
1079 1241
557 377
1640 654
1816 1787
79 199
942 797
1583 658
1505 167
307 1824
807 780
1058 784
1375 850
1154 1613
123 3
210 1797
32 1815
1134 1269
1775 1233
1825 1555
928 213
1764 1175
172 1828
966 1226
1167 153
619 1824
1689 301
1144 1973
57 111
368 352
864 221
58 484
1590 505
1126 799
833 197
507 244
1543 412
1926 1221
913 1218
512 1909
412 960
1649 1304
793 1085
1251 681
1859 1377
224 601
1289 216
1848 1071
865 233
1407 29
81 1571
610 1913
306 860
982 1760
1413 1946
769 1030
1122 467
687 1123
1158 410
1294 1429
1782 962
693 688
1238 138
1864 1405
1255 1980
1952 1117
1816 388
1554 1438
164 1126
237 1950
206 1890
1307 1272
1324 954
199 1941
1968 1407
773 1048
1357 671
247 1090
96 1714
571 880
1595 1081
1589 990
799 1767
1555 1764
940 1786
1236 630
749 300
1148 1182
1899 136
1313 1283
1317 641
1322 1312
1472 1954
1472 618
1679 961
1279 194
1112 514
1741 665
1276 751
424 776
415 828
1629 759
564 771
1686 1171
1782 696
1805 1108
1484 223
1755 62
1700 561
1174 1111
1625 1414
1320 1599
878 674
660 1059
496 661
869 680
1912 561
1533 352
881 708
111 16
1674 314
586 1872
691 393
1618 840
127 1711
995 622
1292 1843
1725 1650
1769 1665
163 1304
725 1934
286 1879
367 1022
393 1924
782 1300
1335 1867
237 209
690 1088
1376 622
1237 1003
1692 1739
524 1109
148 474
1393 458
915 74
871 1564
1766 1473
1066 1348
922 1885
344 423
1846 1992
413 1737
811 165
756 396
962 1207
265 362
1002 258
907 624
664 1715
1765 1450
661 264
1940 346
1974 491
1390 1513
1991 868
70 1677
1283 1453
1469 1520
608 65
1018 1127
1118 1364
736 303
1678 821
956 4
1706 1364
3 1606
17 152
1302 318
1778 859
526 1627
850 647
1167 1327
1585 1048
1120 479
424 1930
1791 362
1536 1828
605 1418
172 75
1766 57
425 343
661 224
616 1491
400 620
1696 1949
634 1647
1715 254
1005 272
667 810
396 257
844 440
454 1504
188 1944
1806 1623
105 1419
1822 1255
658 914
1854 167
1168 654
1426 1680
852 1979
1057 613
319 996
87 605
506 1908
1170 375
941 1985
943 1336
104 1266
794 797
1095 1164
611 1922
1811 1397
1940 1615
414 1921
1051 528
1994 1863
1125 1523
995 853
1913 52
286 1617
1077 232
1489 179
1729 1591
632 1655
1599 1901
85 1191
736 921
256 1392
687 313
585 1257
669 615
1012 1552
1454 707
256 1395
1339 914
41 795
939 1615
662 1911
311 1010
1207 1866
1371 608
1176 108
523 850
1224 1503
953 333
1352 599
1132 117
955 884
1741 1711
872 1185
1440 1505
798 1847
690 1688
243 1861
199 1913
1622 651
431 1428
1954 912
1135 1724
1197 1555
855 1317
284 637
1980 762
551 927
1068 1667
455 1689
870 89
1215 1197
1800 506
327 1547
402 1260
793 356
819 335
324 1140
183 1170
799 1316
443 230
1803 98
1185 1134
1221 1825
695 174
535 1683
1726 1328
731 261
194 1014
526 853
1413 216
25 1012
1343 1900
1839 1533
1840 1112
191 1717
879 1619
638 1531
1382 492
596 1142
1365 677
141 162
1906 1208
1204 918
1685 1544
1676 61
1695 215
784 928
1128 907
1525 1195
1443 965
963 575
103 353
1782 1584
610 1088
543 712
1096 336
1885 1752
1970 492
1051 1478
1889 820
38 386
667 1525
960 1798
1662 488
217 1245
617 1322
524 810
1015 889
943 1796
1546 974
1670 1982
1488 411
531 609
506 650
1898 1151
652 1464
9 1008
197 312
1639 283
1352 749
1390 983
879 141
999 1171
140 1011
1506 1873
1236 1320
351 1858
512 1135
92 836
1989 304
1715 1026
978 1990
1324 606
577 207
364 119
565 1896
483 540
1748 1441
616 1449
812 91
1981 1474
1343 231
247 1049
1821 1091
1396 1387
1136 163
465 1532
444 1312
756 1392
1018 366
911 704
1181 1859
733 45
1360 483
1607 205
837 1837
1961 496
872 1057
314 918
534 1091
170 1476
1780 467
242 414
1133 1745
332 1642
632 36
1551 198
641 423
1505 1277
1581 1468
589 989
676 1542
577 1856
1416 1212
1328 821
1550 550
1624 485
218 922
1916 1206
50 504
30 730
1922 1625
1818 1117
496 1857
1120 1822
1611 1721
1468 1055
114 1846
1457 768
882 1482
899 1957
334 368
1526 374
1086 1145
272 192
54 1710
985 665
763 254
1778 428
1456 31
190 1737
101 380
824 592
1436 976
171 539
1737 1846
991 1713
227 300
1785 586
1706 1596
1660 1891
1273 889
1197 116
894 1837
1796 149
935 56
1442 706
1768 1592
1808 434
1097 1507
198 841
1737 1789
1938 507
235 838
528 1458
958 1023
128 1012
1733 954
902 1631
805 439
1109 401
49 1696
494 191
530 289
1900 1607
1372 498
1169 1111
962 1141
1333 1587
687 125
637 403
73 937
286 809
1434 1280
1705 1312
1070 1198
1454 1524
468 1115
950 1903
956 1455
1670 796
841 771
583 1250
1189 636
1265 139
1071 938
1315 1374
1379 687
521 1150
119 958
545 532
1460 159
1802 999
1759 1476
700 16
298 41
423 191
522 1138
1032 1091
1171 587
1838 1458
1950 358
700 1182
1060 392
1200 1166
293 1653
1469 986
1212 1488
1889 1141
1419 548
816 591
910 692
47 1264
1057 1580
805 1280
899 3
725 1743
1133 376
505 116
1403 1264
1677 443
1347 1357
316 977
199 875
1399 1138
1716 1019
986 133
674 803
468 1089
263 1362
664 1041
321 657
1764 821
552 417
1800 1450
612 64
1623 1483
265 1429
208 479
1702 1134
516 651
1128 1793
1900 1246
330 96
95 317
1584 1492
364 927
1752 1012
1341 1747
876 1879
1950 76
1947 1708
834 122
1530 703
1670 297
987 39
613 941
1501 46
712 1586
167 327
95 632
982 1453
445 146
1750 512
1410 380
1612 462
1377 579
223 1962
1342 626
418 161
494 208
1634 1806
1559 276
1315 1896
946 1804
73 179
1348 1126
1463 1767
495 1445
877 1267
1535 494
328 62
1701 811
614 1513
784 1588
1751 1230
1274 1624
442 899
1993 1597
1844 547
540 517
1885 1666
939 36
46 110
1471 1101
612 1353
1928 329
1153 1282
1214 449
293 1554
1574 152
626 1215
580 1800
1087 255
473 548
33 1609
427 1701
1844 158
909 300
1911 311
378 378
1591 1848
1325 601
1883 905
837 571
369 1204
741 1499
358 1918
1730 597
1990 943
808 144
619 1778
1927 1907
1781 651
1704 1343
622 158
1785 1881
907 213
564 1412
340 836
1763 1133
1311 14
1642 866
955 1696
547 1073
1864 1788
1884 1924
731 25
638 1986
783 502
137 1352
879 1722
1839 391
1908 172
662 1650
1241 1540
1596 935
869 967
157 89
110 32
1635 573
1766 1499
1994 1607
1009 1295
835 1307
1372 689
1841 69
1743 162
790 221
494 80
1398 907
1553 1981
1000 96
502 1974
1409 635
687 596
1142 336
1643 1299
1673 1256
1211 681
355 481
174 1565
221 69
373 1048
2 1056
1923 1807
391 1883
352 61
836 1023
300 1887
954 1132
704 809
28 1581
1383 49
1022 1932
327 129
1994 577
1097 1102
1915 543
270 169
1475 298
98 110
684 1289
1195 1565
1808 1880
404 991
493 1406
1824 1908
1835 104
361 1877
1542 854
1191 1619
1397 847
1001 1651
741 1583
6 1853
1858 1916
1380 518
821 1265
969 1588
601 559
939 13
81 1010
337 1512
952 1382
1491 300
464 1058
1587 852
1454 943
1876 1188
160 963
462 1775
971 1787
872 1701
1425 1282
1261 488
531 1154
426 1621
823 262
652 684
1383 155
1772 861
1578 1552
1868 1450
1189 1643
1511 1073
227 1426
566 277
820 1545
1232 348
282 550
213 319
680 929
718 423
85 1774
1275 1499
15 537
560 1976
1059 1633
1155 63
673 292
1046 463
1529 182
1117 926
1960 548
1922 930
893 1771
1544 1789
413 1477
1201 486
1302 1103
389 598
1009 1909
810 1762
1478 1419
1324 1390
776 219
728 599
1579 1104
1294 613
1203 1665
1693 339
142 1607
1171 249
787 1283
1670 204
1405 283
959 1470
335 216
1774 1789
1838 305
1484 1089
60 1861
1841 174
1199 265
1022 1582
54 712
347 659
1949 607
1808 1911
209 1293
1869 625
1315 528
1867 934
151 1054
1778 544
864 1465
125 1635
260 1613
369 630
866 1814
1232 946
1351 1232
1119 145
1303 8
1041 425
1075 1909
254 878
1810 1596
209 1524
1620 965
1358 780
1402 429
1841 1726
1783 1510
1169 287
1283 631
1627 306
970 674
1303 335
559 438
1439 970
1220 986
1068 1552
1201 1574
1804 1116
1784 771
1090 669
1033 284
1210 8
1377 1977
1920 637
114 655
702 592
1632 269
337 1455
301 1358
695 216
1852 832
542 1229
320 1448
1454 29
1614 1707
1919 1469
1180 1353
1199 1299
312 1082
1580 1116
1230 1686
265 1408
1195 1407
381 329
696 1003
268 799
1970 1716
1603 1523
3 163
1721 617
558 38
1989 1674
722 1391
49 1296
1052 291
1347 393
432 704
449 879
1459 514
1399 789
1363 822
530 293
1292 1861
1079 608
1083 192
190 1365
1590 196
1975 1679
106 273
670 1814
422 715
105 156
1699 1689
1233 1
1458 431
732 580
1729 412
404 678
1675 1953
1403 1251
864 1597
1239 1487
758 399
911 931
1958 1183
534 491
1291 1864
387 1388
1916 1925
455 1482
1267 287
1190 770
1894 965
1507 310
1038 139
817 1348
121 591
300 18
1234 782
523 1596
190 302
65 1020
738 899
825 1154
114 824
338 1085
292 1881
1621 1659
1991 1202
793 394
1794 1536
83 957
580 610
636 1417
1862 23
53 708
1621 1002
1535 1862
734 385
1106 1886
1209 1235
501 1481
76 551
1997 1182
45 1814
1701 1957
1763 218
1680 1828
900 1871
603 1652
206 473
1598 835
76 528
454 1472
1309 543
1429 1163
230 1259
1479 590
1595 563
991 1825
341 400
1787 1309
1601 1737
1513 1440
1170 1438
1418 805
101 1775
1931 1232
1009 1196
1466 15
227 1998
457 1997
1067 565
736 427
1054 976
63 28
276 913
876 26
726 108
1118 1531
1884 1790
1426 163
1703 1000
837 1500
606 75
735 1593
1165 1034
1777 1611
1695 1206
1192 451
191 24
33 96
1728 1590
1700 1414
1740 1324
369 1134
1437 1878
870 1815
29 1268
1943 1747
1399 1183
846 958
378 1349
848 730
1921 926
230 1405
1074 1999
163 604
913 1398
1041 1479
1349 1349
679 109
102 697
1158 746
20 877
41 1244
378 170
191 737
1881 302
465 1359
1611 986
1224 1667
1398 612
1739 1307
748 970
1376 400
1792 622
708 1177
528 1348
629 1437
77 932
932 1585
1606 1514
864 1155
1119 1666
704 1064
1435 466
1545 92
284 888
149 549
1714 47
1014 501
763 1066
567 449
713 1600
822 956
118 1468
1740 339
1319 202
1054 251
1140 882
1387 1765
98 1092
1090 1361
583 1532
1468 1172
1213 1417
746 718
1836 1577
522 467
1501 957
1242 557
122 77
1752 1219
1551 1932
1938 601
1273 808
1027 1005
77 537
1292 1825
1666 1809
1528 918
1432 1352
983 1571
1385 38
203 1729
562 223
629 1774
1181 1041
1748 730
234 1788
1069 538
296 1975
293 1747
1859 249
640 1847
731 919
1510 1346
1707 550
1398 635
11 1817
303 728
882 1563
726 1014
1046 952
1825 1334
1821 1439
276 1875
114 1334
1959 648
672 1755
696 657
596 1878
13 1235
1378 1576
1071 515
790 483
1749 1070
545 660
178 841
1735 1103
382 827
53 119
1934 1513
1359 847
1734 1481
615 1688
3 1893
1647 492
1156 793
1131 1308
82 714
1607 1573
233 1832
1137 661
298 808
1707 1883
1231 356
450 1204
931 563
1346 1244
1973 62
158 427
412 1235
96 563
981 814
1897 1581
1676 1503
1878 1668
1185 1489
854 629
1432 1145
1783 1947
1026 1578
465 697
1434 217
1743 289
273 165
1215 761
1303 623
1716 1339
384 1433
522 1837
996 1450
1613 1564
1711 306
1125 434
1462 1965
1648 1154
387 385
1942 1531
587 638
1300 259
213 793
1818 1820
1973 1097
1600 564
1351 1065
1137 489
633 371
1917 1717
163 1733
717 1302
174 1326
953 611
1005 704
1958 216
534 1669
150 45
1294 104
660 1321
1836 394
170 1747
1680 689
1489 330
448 1077
1688 1275
1629 1467
504 1409
1812 1866
156 828
1251 675
1718 1570
1085 587
761 437
681 731
114 1422
1220 1829
249 561
843 283
89 1504
496 1376
830 1611
1912 1021
737 1976
114 1919
1844 377
291 1351
1948 1929
893 360
1396 1900
1441 1585
1752 1059
670 1664
645 1766
354 1769
1853 971
448 578
1952 357
22 1789
809 1866
1878 1149
563 1049
697 1880
786 874
1128 389
61 863
1274 178
353 796
742 996
229 600
620 447
238 488
1516 492
573 1938
1163 1606
1522 679
995 676
1155 1513
1556 1199
177 1453
1652 1768
967 504
1754 1436
435 169
305 126
517 703
310 937
1898 1073
876 933
1834 599
212 1815
1859 350
1010 1703
1581 1475
81 221
762 895
1686 1030
1483 26
63 1011
1262 1533
1339 1439
748 514
213 1620
1812 1975
593 1720
1693 1952
1714 830
245 1242
162 639
252 337
1728 529
1274 1839
995 406
1586 448
1228 1097
364 407
231 778
1467 184
1600 1573
937 147
1047 1179
639 990
361 206
322 741
939 732
1865 352
799 1557
427 46
1552 572
1826 882
856 746
1559 320
1580 1325
600 984
1085 11
346 219
849 1148
1894 639
1988 1195
1210 354
122 193
1726 286
1561 287
1314 630
1717 1900
1771 1319
373 679
1463 156
489 1976
41 1212
1988 232
1874 965
1276 473
112 780
1044 1815
278 1305
1339 821
582 1572
1851 1437
294 768
908 212
969 1912
760 604
513 2
1369 216
728 602
192 44
1251 272
1183 1017
597 1785
597 415
410 628
108 1134
1957 971
1192 144
388 927
780 1034
399 760
785 1027
484 1489
1235 1502
221 1234
512 717
1761 618
437 155
996 547
804 1741
1777 1765
1390 1993
1970 1731
1402 1166
1169 584
891 345
431 191
1744 1569
506 643
1506 1132
786 936
1549 412
368 1034
1836 1783
1510 1023
1909 1491
95 1660
1637 729
1677 1242
1705 559
1159 446
881 1830
1273 1543
695 1780
1581 1227
303 627
1975 1201
1054 129
369 1581
1530 1812
1597 1255
1719 1394
1405 358
1340 1774
1895 1199
345 1874
714 1171
1147 629
1934 447
198 451
1598 589
1251 608
1703 1588
1789 142
535 318
1953 176
1179 912
1601 761
1330 1097
78 1780
532 253
696 841
1427 586
11 1596
1675 617
545 1435
857 6
771 171
1891 940
748 776
1237 1335
345 1319
961 560
847 904
68 1255
422 1177
1870 566
9 1414
1401 42
1965 123
503 1953
83 1533
1886 764
240 1258
1727 662
149 1922
1146 1268
1559 1991
231 1973
557 1695
212 684
1648 520
1832 1213
692 1488
1018 996
936 183
543 1414
942 1341
515 566
1426 679
1264 1045
1783 635
1492 987
359 1666
361 1463
1448 1863
648 1158
375 764
1011 197
113 476
1015 950
340 441
585 727
1060 1572
275 1361
1562 811
1923 1858
1731 676
1059 530
572 1841
797 339
163 382
1796 1501
184 987
413 874
715 1100
1170 114
1000 752
227 119
1543 680
1779 1919
87 1181
941 1837
763 159
1035 1466
9 800
1974 821
773 1398
1908 1894
1897 16
227 1728
631 856
556 1168
767 1465
1485 1443
989 276
431 1868
1790 332
240 136
479 1519
926 1898
676 152
296 604
1037 1324
1120 7
1906 88
941 60
83 237
1719 511
977 205
27 999
12 476
733 74
1379 1735
1779 258
1946 1986
984 1962
1477 1862
1633 1920
1176 440
1996 1625
1011 1009
951 184
271 1452
1350 19
1405 1159
914 845
257 1746
1076 1521
572 194
1418 494
844 552
1134 1833
1418 1783
1292 1105
1136 984
578 1770
1741 809
673 109
768 1646
1460 1291
1718 858
830 612
1914 1245
1041 678
1671 756
1281 868
1111 1447
390 223
1317 1692
519 665
357 1750
1939 331
190 903
1157 732
1411 623
1053 403
1431 457
823 1820
1740 1677
1201 1388
1641 118
619 572
1082 103
788 1387
2 1822
1475 1835
44 1184
225 196
344 1749
1193 1524
692 1066
298 1162
364 524
1539 687
1575 628
1415 1236
698 538
1168 1907
131 1634
1803 620
1025 1895
724 1650
1929 978
1210 1871
913 1003
925 723
657 1256
1207 853
1597 319
959 1453
1362 421
1633 431
1379 238
1009 721
1821 1795
1274 263
1855 654
1224 504
1539 169
1341 609
659 183
1965 26
289 294
806 498
921 1578
637 185
659 456
1187 1180
128 318
933 1353
1534 460
832 204
1595 1900
807 218
1971 1732
1287 41
229 1823
2000 1773
1411 1822
808 1603
799 797
433 1098
663 54
596 1568
1377 160
1303 66
623 1596
1819 879
1179 1019
1171 603
150 1674
1991 298
482 1129
1905 635
1067 242
1790 1407
816 14
1753 1366
724 1811
1863 1931
120 1338
1410 992
1055 1723
1712 774
83 22
1363 523
1604 634
1215 643
1322 144
1354 1813
428 1442
1864 643
635 96
1279 435
1360 1431
1272 1736
1002 26
1339 566
547 895
1051 427
1526 1076
1764 1465
1726 1976
592 591
1024 403
934 1715
171 6
1852 1784
1458 514
1216 1845
1783 86
691 956
1890 1907
330 473
214 164
861 932
173 533
580 1596
1544 385
1173 1543
68 88
753 1155
384 949
958 1793
1970 1637
16 1533
1906 1251
1366 1951
1957 1579
1637 1079
709 1557
571 939
348 1468
825 330
1991 965
1474 909
1469 1690
1551 1042
947 1924
949 1381
804 1505
1627 659
869 54
223 1839
264 464
1890 1376
868 538
446 155
734 710
1808 1399
667 830
29 736
1604 165
314 561
433 1952
817 753
1493 1119
1215 913
54 1122
666 1376
840 1219
959 1420
848 987
506 1350
1574 377
1118 405
1114 1205
439 834
1544 1596
386 1873
1499 638
1962 1867
1923 222
1415 331
600 924
1875 334
257 640
311 1270
1776 666
1948 851
385 1909
1114 897
575 16
913 406
885 346
74 1295
774 1895
1863 1176
288 1583
1056 1613
1425 621
606 1378
1716 1075
1876 429
1885 1193
1074 1556
156 597
1908 927
267 993
328 171
76 721
1768 999
1258 161
251 890
1553 1777
403 929
1737 1407
1491 437
1622 324
1403 1782
1161 508
1715 423
59 623
851 117
149 1259
768 994
1252 1124
1544 1192
1210 1124
1786 722
393 472
893 1245
59 358
1832 1593
668 58
326 32
486 1849
149 482
647 588
523 1227
188 1427
581 1009
1559 715
1283 813
1542 936
1224 142
666 212
1368 126
1746 777
904 443
1416 719
125 649
1278 1216
534 1331
1564 1548
1217 210
125 200
1922 1251
989 571
1278 719
1713 1944
1100 1127
1358 697
817 62
993 1039
1756 1989
369 931
1183 1301
1632 1353
823 141
1751 1543
1923 789
1746 1463
802 1781
708 1343
1345 1373
118 899
1894 1417
1036 1570
1606 1272
1365 1936
1504 1006
563 1409
150 1794
967 204
1192 1157
144 637
1819 1511
1645 1878
1642 310
1888 1410
435 1038
985 1687
709 262
812 1696
1219 1023
806 524
130 926
638 1366
1810 516
1168 1897
965 1699
892 447
252 1318
496 981
317 1331
1032 1546
747 460
1765 541
444 678
1792 950
491 1445
1163 471
1791 1209
421 1422
1429 1375
223 205
33 665
1047 174
1232 1607
822 1780
1706 1743
1812 68
338 66
1022 1771
1468 196
1028 497
349 1846
197 897
602 1223
1007 1009
1629 1235
375 525
786 1533
778 1144
410 798
1255 1847
1741 977
1390 505
234 1645
834 1974
1793 117
1984 1577
1043 1522
106 1724
947 620
1337 287
1745 1859
756 339
527 1864
77 1830
569 1396
1309 914
1957 1626
1257 1746
40 542
1675 763
1747 1260
1479 784
1885 1079
539 1520
274 215
1279 544
1683 345
534 195
404 1299
1960 1395
1610 1555
649 973
538 568
556 703
57 348
1817 1987
1150 218
1150 1858
1485 238
114 1847
392 1359
1211 1107
286 74
553 1170
828 69
170 1722
1035 1148
855 865
1870 599
1916 1473
1887 85
1213 1444
989 106
1404 1956
486 159
441 103
1275 1819
95 752
194 137
1479 844
1402 1992
1392 1945
940 322
1690 1383
585 553
1779 988
1544 1904
1901 1114
1586 1820
1874 446
806 249
630 871
1352 155
64 1610
1203 1283
439 1771
1339 1971
1947 1484
1495 572
1868 862
113 1933
1235 1179
1072 1262
886 1868
1279 1776
371 187
1365 1478
316 1763
314 596
1496 1575
130 356
168 447
392 4
1001 1580
932 299
324 1275
1733 36
1349 1633
651 1622
1539 695
1590 176
347 1309
329 194
1175 1765
413 415
596 1216
1171 1235
645 786
273 1686
276 1324
33 877
1980 834
113 1585
987 749
1211 1640
1486 425
902 1755
840 1499
1844 438
940 85
252 1813
1480 1181
765 272
1243 84
579 1200
244 195
1117 1217
8 1080
1370 847
1156 1401
1540 851
1005 1941
633 1026
937 782
1269 758
1919 1498
1094 284
749 104
954 235
1366 1496
1216 831
842 1089
1521 832
607 482
1611 268
1824 1091
1897 1863
1913 907
1908 42
723 809
917 1524
12 189
1654 1505
572 1021
1243 743
1592 1000
1322 963
672 1854
1592 1399
261 529
1986 1598
1255 609
124 1040
961 987
732 644
741 637
292 737
234 103
1401 704
268 268
965 1206
1321 875
691 579
705 1323
1170 828
1515 332
231 1513
1842 1194
261 1701
1731 1567
1670 1211
1947 1009
820 354
724 1788
357 540
381 897
138 269
911 1666
1698 267
490 1850
579 1824
1234 1713
729 1748
429 186
1648 1801
1020 1969
12 1914
157 1142
1088 1094
1268 1740
1395 1481
1268 582
831 1747
323 657
1719 1723
859 337
105 948
1379 804
1042 1723
1150 1192
542 122
1740 180
454 468
1017 10
582 1755
315 251
1036 677
167 23
1021 1065
267 843
60 1743
1126 1774
1993 188
267 144
975 1666
749 738
231 970
304 72
267 384
1442 126
1923 1027
496 1756
751 1345
791 1863
956 198
1839 397
1379 737
801 1265
920 1019
345 1272
116 245
422 1431
1642 1352
527 1115
975 1721
1581 1824
1598 1813
639 1672
759 635
1398 85
16 1115
663 647
1608 1727
1787 569
997 969
455 1823
1888 693
136 1613
450 675
11 604
524 334
1271 40
1205 32
290 1751
323 15
1375 1932
79 1708
1543 537
377 1844
1090 1129
1241 683
599 1125
96 1432
1469 1523
693 932
1041 382
1961 1635
989 1607
1184 1947
726 1922
554 147
317 305
1372 240
1596 1608
1942 337
23 1603
1572 1487
1211 295
1979 1204
929 1956
884 1393
1977 52
604 834
1309 1020
1052 1963
479 636
1705 260
1610 679
842 284
1896 1461
602 1072
1911 1901
1291 1454
920 833
1755 696
1796 1417
618 1789
1145 708
1719 1702
856 736
143 959
1345 1718
971 31
505 505
1014 159
1621 1733
631 1532
292 1719
73 1967
824 1720
671 669
440 1781
1689 11
1233 1148
688 1811
764 1947
844 1092
910 1703
792 1960
704 1124
1350 871
692 563
693 320
1634 1567
1452 784
1250 1008
1557 582
1164 454
1694 292
181 595
1692 297
1628 1866
328 1111
1564 1687
1645 246
1438 168
113 550
916 1569
773 1166
522 307
800 1603
1027 1926
1866 1721
1522 1027
152 1899
576 1925
875 105
957 1513
796 176
15 1675
1347 169
1045 478
730 1397
1631 1311
1598 1421
1381 1187
1825 124
1251 1465
1228 823
157 436
1112 318
1541 1379
26 746
1136 1993
204 172
1316 1423
855 1961
1054 1501
648 1114
1844 1268
559 1063
669 367
1548 617
1556 1481
1498 210
1129 622
262 956
1127 789
747 1542
1877 1283
1512 521
1370 1784
560 1182
763 1208
702 850
877 304
138 200
1588 1960
1796 986
874 286
1306 407
743 685
545 1315
1214 297
1131 1385
1171 1515
408 1496
1959 553
1091 1607
317 496
968 1637
1510 1645
832 1070
1285 1562
1182 328
713 748
1104 1276
880 1547
265 1690
892 1577
932 984
750 756
1553 37
254 819
611 591
293 98
1133 1331
1622 340
573 543
562 284
1596 1007
916 883
714 1638
831 1106
1705 358
362 1550
1242 1621
35 1297
1314 69
839 1802
615 953
1775 1995
1351 51
331 1242
655 1124
77 1290
1190 1208
1933 952
1382 1401
1621 1897
230 1267
1327 615
663 400
599 429
998 1310
221 200
232 1352
937 1315
1605 120
646 1473
156 454
1053 822
1865 8
1584 1059
318 192
842 1248
1907 222
1880 1360
1983 0
1112 1733
594 586
1856 45
1022 1159
124 750
1570 501
596 1394
867 1314
475 1743
1253 944
334 1241
1755 479
1986 1942
1610 1582
1901 1789
1346 927
805 858
1005 1653
1657 1034
272 1844
1428 1462
973 1741
884 79
706 122
806 1561
1212 65
1057 70
489 1196
266 1370
1634 1438
949 1038
1930 265
1423 1807
785 1503
19 1385
803 840
773 488
456 1404
1024 1285
1651 1943
184 968
803 509
1299 1746
1934 1875
959 1194
806 1314
655 1601
117 930
1674 1720
1377 1181
336 1178
1259 1935
490 653
934 18
1985 1921
160 1980
1132 873
1783 1560
51 1692
666 1270
225 1502
97 352
1612 44
172 1421
193 155
845 1102
16 203
911 131
402 973
1459 1511
1333 1019
94 1588
1759 1933
585 215
1018 649
1478 486
443 1467
731 1999
769 233
1411 68
993 878
118 864
1999 303
957 1042
1403 1568
1582 145
874 1205
145 767
1466 586
814 1251
380 1277
921 604
39 506
798 1197
1326 1051
1877 1794
1417 134
1719 1560
773 225
317 749
1531 1066
209 1969
799 672
1753 1169
1156 1587
223 1782
1065 1243
1360 810
1815 1938
366 78
1122 616
515 1353
598 1443
1004 595
897 958
1937 195
561 514
974 743
319 1647
1534 1595
1931 1036
206 331
1516 821
1518 1019
1783 1139
1092 148
1531 1006
1847 1097
412 874
1901 1002
14 1586
1579 52
1075 1789
84 388
819 1364
206 3
303 1921
1782 394
955 989
1527 1003
489 208
331 976
854 1479
1140 1215
933 834
1139 1250
371 1628
1132 101
43 496
695 1923
1489 1535
10 7
1899 137
77 498
1156 22
476 20
853 1118
1752 1388
209 191
88 492
389 347
995 1568
832 1888
399 1108
910 1388
1766 901
1474 317
632 1878
1660 1035
1323 770
706 589
462 941
485 1376
441 1152
1930 423
979 1562
1617 1843
520 750
1402 1799
1406 1201
167 268
1418 1352
515 790
1632 43
554 441
329 4
1781 1348
1135 871
529 180
526 1169
449 1293
1371 653
1014 432
1283 1477
240 1269
1192 749
438 398
804 222
91 1919
1361 1099
778 198
478 1220
1403 1041
750 285
984 1083
1273 164
1701 981
1269 1846
2000 1697
1601 125
1179 1024
1112 1737
56 1407
463 313
1062 29
391 300
1460 197
208 1731
1219 1092
1715 647
537 1144
1708 1874
1006 453
792 1824
964 1970
1279 1087
1744 1459
639 1642
1146 699
1184 1719
1808 781
1438 568
867 910
3 1708
1760 701
637 544
895 590
1723 737
1468 1678
354 1123
1730 1119
849 1579
1663 1979
1657 1814
201 1365
1367 1767
878 1632
1781 1994
1112 421
1873 1243
1212 442
877 305
1611 975
1692 82
866 345
1335 1888
499 1832
1299 958
1897 846
1260 346
1168 585
883 1462
128 811
189 1835
1355 1965
1345 1917
682 353
1594 1135
1416 1835
575 820
1045 1093
1252 117
1316 1394
316 542
143 1529
1059 1460
1023 541
1439 417
368 793
350 1023
1510 1952
1949 857
1971 539
1294 739
51 1848
538 630
1810 1223
1436 423
16 1979
1019 1916
867 1541
970 1377
1853 1823
1436 300
1496 264
784 1163
450 511
201 1311
1831 262
1879 1448
596 492
59 1651
1317 926
1208 1280
687 1426
1195 1750
1808 1791
1520 695
1435 1336
1329 769
1150 596
1276 34
714 516
1096 1701
742 1541
1200 848
296 205
1539 670
971 1996
545 772
619 526
1038 1112
1001 430
642 1268
318 713
1495 1916
1847 815
1794 1595
1708 1121
85 1196
179 1244
99 906
1900 1041
1416 1816
810 1057
1265 855
1760 806
1384 1288
297 1195
978 1584
1403 1219
586 1198
621 1070
1918 480
1411 1793
1571 1774
373 1686
1966 1597
1478 1827
774 1741
1405 1280
689 99
673 807
445 88
1380 252
1673 636
20 1159
397 887
1176 611
758 1009
585 845
1888 784
584 1723
776 1030
766 1824
457 1317
246 608
1824 945
993 872
1049 668
276 1548
675 306
514 1790
1223 2
517 251
1385 682
1474 471
788 14
1869 350
1653 77
1986 883
678 1823
644 470
31 1454
376 429
373 840
386 650
1541 239
1316 1724
1722 754
100 1345
1746 187
1011 278
1436 1255
343 797
1904 1499
1177 108
1131 1632
1112 1009
205 1564
1960 1772
185 886
1990 1094
721 1218
532 1841
1276 1479
1476 1250
96 1898
526 1318
883 361
957 1119
578 1572
29 1007
1602 1405
1266 796
440 1836
314 344
1573 1876
269 1234
1372 1042
18 693
855 80
422 1308
918 875
1947 621
1063 1819
1756 1300
513 215
211 1154
1081 1776
215 1057
210 708
1903 1524
182 479
1827 1580
1649 908
1965 418
372 1972
1601 1307
1345 375
504 234
274 1811
651 841
881 1618
201 348
1375 1544
1454 387
1044 252
27 1905
1962 281
1701 650
1503 280
1969 1141
553 511
1688 458
88 1845
1944 747
1166 1779
688 863
238 1364
616 1272
1214 362
253 1979
1690 417
297 1082
1385 1597
884 1315
1986 270
623 1888
1289 1946
1023 863
859 1426
220 1328
1226 487
1814 697
76 64
42 644
868 1930
1558 1336
1799 1788
571 1933
198 1784
341 1639
1040 1518
1591 1989
503 843
1752 1483
290 957
1713 256
1766 592
1139 980
871 1479
1364 886
1256 1674
371 497
95 833
1420 1399
653 58
1528 233
1809 559
187 992
1514 41
464 615
365 1477
1924 1962
1410 1700
1715 1255
627 1143
597 273
1556 946
658 757
1051 1660
1080 1774
1240 810
1404 97
1425 713
459 1068
888 1080
1342 857
1335 1224
683 547
77 1936
1794 63
1932 1500
215 1598
1319 1712
727 1888
56 265
905 484
929 1417
1957 962
314 1452
766 1920
811 1144
1797 582
1150 139
1862 1830
1471 6
600 1542
1500 1523
983 1325
1079 1736
1131 1856
1097 1287
1327 370
1904 555
214 141
1995 281
1859 187
1945 500
618 1910
1376 871
1566 1872
64 1767
596 516
224 843
283 1250
1463 271
1053 1046
928 1254
306 472
798 1021
764 1874
1373 1116
1461 1361
786 439
610 1170
1624 272
848 11
586 1279
249 98
1729 377
950 658
804 256
1205 983
1746 345
291 1313
432 1039
773 1171
1546 1157
1348 187
1532 1716
1738 1883
470 1403
913 402
6 383
1304 1785
1407 1455
596 983
1256 996
1216 1549
363 631
1667 680
49 79
1501 159
1097 267
928 1578
440 1483
768 225
883 37
819 37
26 760
540 46
1982 1444
1444 965
1395 1353
1529 705
1885 837
716 1911
52 1172
320 931
1898 853
1321 12
689 736
1415 1000
143 1661
1686 1292
61 492
53 1429
1547 1881
656 307
1340 1442
1787 714
1875 1584
71 673
1241 1720
1236 883
1402 235
1941 1457
1741 254
979 108
271 972
1399 949
725 1132
10 147
118 1091
1167 1835
362 811
1731 861
1039 1149
1674 251
543 815
1898 571
1452 1530
1571 1764
1201 1034
1489 1522
949 1887
1815 1740
1824 1265
1925 180
685 1324
1008 154
993 1141
592 669
391 1714
219 1328
1260 1054
1122 49
1569 1024
1952 1583
1180 1230
1349 750
943 41
463 366
833 574
419 1869
755 374
1143 812
1638 1426
983 1627
935 116
1126 263
1793 848
908 1716
757 51
1853 1769
1157 1600
1478 813
32 1790
758 48
1892 405
1500 1007
404 1712
1795 1950
1687 1666
1289 1405
1828 1105
979 1889
886 1241
956 1662
1805 1373
1658 1291
1337 1437
1952 712
1428 1710
699 1545
1285 829
1314 444
826 1106
1279 465
1129 1059
562 578
1063 1086
489 777
1363 1223
1683 1516
73 50
443 1640
516 1013
1149 401
696 602
73 693
1429 209
1429 174
1381 1755
1328 668
657 686
1917 1848
640 382
1953 1038
356 1546
1742 789
808 825
1560 1736
442 517
1389 256
1187 1997
168 440
1362 1263
588 1937
1146 1910
926 1442
286 706
415 1755
240 1978
1196 591
52 1035
39 1722
929 1993
707 1338
673 1498
1077 1046
1956 1149
1970 1378
1726 1628
990 307
959 1008
640 1900
459 38
1467 913
1396 776
41 1956
923 1408
252 626
1332 1783
523 952
1940 796
1350 403
184 544
871 772
253 927
1045 299
1975 291
1446 1540
1663 558
1717 718
171 1347
1255 1531
1462 582
1848 1739
1689 1235
1656 237
10 991
1210 1794
108 1902
1878 101
1760 331
653 1455
705 1939
59 910
535 1782
440 575
330 182
5 1380
420 497
1595 1557
1743 1575
347 917
48 1337
1178 1991
441 674
1309 1086
620 625
962 442
576 693
767 762
478 60
1436 1618
1014 446
1818 1513
1548 1424
1591 1692
1112 91
513 185
1474 1201
1428 1043
294 1050
1008 220
1764 769
642 151
1973 1986
1760 1708
772 265
1415 926
912 1228
1027 671
824 781
1769 213
1585 516
322 613
1325 6
432 745
1604 1456
1043 1813
155 969
651 1291
785 564
1955 381
180 1981
898 252
938 1292
1737 1608
195 449
926 1491
1920 1897
1277 563
122 1671
106 1611
54 558
916 1509
784 233
1499 479
1465 1622
333 98
1069 188
1604 1237
1404 1333
1271 875
1815 585
232 544
1144 1975
1792 1089
226 1541
1447 338
502 1766
1262 335
1148 446
1021 849
565 418
1767 7
9 465
345 1134
1691 722
132 1102
774 1938
1252 1888
352 1064
1278 1353
702 1840
680 1788
900 231
62 1223
242 924
641 1132
797 414
1347 755
896 663
1419 1025
426 768
453 1784
342 657
461 874
1008 426
718 525
675 1602
1899 1448
717 351
1342 49
45 1483
142 1264
1574 1895
1219 642
556 1107
1501 547
157 460
953 560
1703 1618
265 1543
1736 1151
1750 197
1199 1111
207 408
1870 1773
378 1164
1503 4
932 474
61 1093
1908 278
860 1279
1036 1110
522 725
394 1000
186 226
516 964
1629 1526
243 1292
1615 844
1365 827
138 1891
1408 1426
1017 500
1809 1886
725 1826
149 1747
1332 1007
132 1617
1926 1178
1537 887
11 737
529 86
41 922
384 1465
409 907
1826 737
1431 1673
1234 1607
1384 1609
1223 255
263 160
953 683
1713 1375
1591 999
1519 1069
1602 1079
890 163
1251 1018
581 976
1889 360
529 1059
898 1074
1514 1984
97 331
1752 295
1779 302
323 833
611 1363
845 560
1176 393
905 117
29 1181
1451 410
1898 1307
1497 736
1826 1385
1364 1167
960 20
1954 1218
981 1430
493 1195
1167 327
669 35
557 363
1068 1928
1772 189
465 1570
627 1046
1662 529
930 1648
1258 822
539 130
1089 589
1126 802
1834 544
1935 1549
767 705
1271 1875
1560 886
477 1771
593 1363
1677 1854
1324 220
742 1585
1917 978
592 725
1557 255
1198 1671
1677 500
1493 819
1629 1084
733 1703
278 434
836 1249
1463 295
682 1265
264 701
462 1979
673 785
775 1317
1368 176
1338 504
1042 386
1979 1476
13 1333
1843 681
683 975
1656 875
1827 1833
300 1675
673 1162
1001 848
235 1478
1927 1570
1508 1213
1195 211
724 1386
918 633
1179 1331
1211 382
816 788
854 1737
1202 934
742 107
354 1317
1122 1953
1415 1056
175 58
1146 1179
1551 1831
865 503
57 35
1549 83
1959 1356
608 912
1019 60
61 326
1801 109
737 323
1570 1103
495 1898
1611 1621
461 1413
1748 1693
1791 1996
452 438
557 1022
1026 1197
59 1845
38 918
10 100
1464 991
907 180
758 1230
1172 1712
1515 1314
623 1306
1262 608
242 1221
458 30
1294 74
1843 335
410 1311
1883 93
1423 714
272 1475
1467 950
1187 930
114 850
1311 871
207 1944
522 1542
1402 621
1580 1401
453 1210
1135 1550
1788 1269
1983 1006
1998 1406
1553 956
562 87
388 1502
317 1040
553 1884
977 1106
1759 677
1351 1702
374 35
835 1397
1412 1691
172 544
88 150
1581 1394
1632 264
881 651
1616 197
1448 84
311 700
1529 414
1290 1576
738 491
815 201
400 1569
454 1081
1811 1290
778 1540
466 8
1002 875
835 973
12 536
1341 11
328 1252
899 1429
239 1406
548 1019
634 1423
521 327
1820 1437
429 596
20 100
153 184
1201 1036
1505 1697
1324 129
1738 496
1257 1641
1618 889
1140 1930
883 1823
1226 501
669 647
1973 1000
1748 1210
1439 1850
1278 1365
968 1249
1176 821
536 453
172 1205
1165 402
1178 167
1368 72
1647 436
1709 254
1316 826
260 1815
894 1371
1983 1015
1065 1015
872 1912
1536 1553
1099 1508
719 1922
301 909
175 320
685 1486
1917 159
1668 791
1293 1373
1422 813
1357 1231
1847 1040
289 485
281 775
1769 1397
1558 1137
1027 1999
1890 1281
709 1820
1506 1520
660 206
1988 199
263 1363
761 1497
1088 295
1412 1601
1210 941
83 1135
853 1949
1559 164
1726 797
1378 611
1802 1263
756 1493
1205 583
984 1063
1316 1098
1514 605
250 640
985 1420
1468 496
1074 1368
422 1349
1246 234
875 318
229 107
1800 1939
1363 25
1616 698
1828 1179
942 645
220 134
1996 486
934 735
303 578
1362 597
509 1278
1084 1464
683 207
864 57
795 1192
1569 1545
774 1834
895 1213
1923 8
1206 1588
387 1929
684 1805
818 1812
540 1805
419 1738
1063 1663
163 1764
915 181
1123 1016
1302 818
1567 149
1358 900
775 279
1418 177
357 1317
740 772
1285 1472
1657 778
787 1651
1140 1941
1836 1408
1354 124
994 1216
856 1609
111 888
1842 627
1519 187
26 55
1197 869
635 1629
1723 1727
291 686
704 1562
565 1052
897 1408
446 394
1208 856
54 1153
1414 1849
531 966
1557 936
1258 1406
1716 1664
1295 815
1127 484
1224 16
1476 392
497 783
1592 353
1805 75
1747 1503
1973 269
1285 1081
497 861
1423 141
1913 459
1705 1140
905 1295
1819 733
1318 1885
263 1303
30 1062
1714 74
46 105
1818 1000
78 1404
1652 59
423 1740
75 1065
973 86
838 657
844 1622
437 1735
290 1556
449 287
325 335
348 1300
1784 1792
1663 1213
1440 1888
1725 1282
219 1862
1252 98
1588 1767
529 525
695 678
38 352
1052 159
1070 1077
1156 1988
45 1397
764 1577
1083 1247
1295 1073
661 486
1260 646
177 1730
1528 1196
628 1225
735 324
708 1166
250 276
1194 1395
668 1299
653 27
63 828
231 1248
1945 1829
556 218
163 642
1647 1879
942 1780
1111 254
592 239
908 1816
1502 1121
460 429
554 1601
7 474
1245 1634
771 829
1468 1169
1670 1585
1180 1089
168 1590
1984 641
1144 242
37 1660
581 1272
630 1566
383 1715
1287 815
592 1751
306 225
1948 622
1275 1466
837 480
1301 1855
429 1643
1429 608
52 1541
50 1654
1749 1364
1982 230
312 1332
1309 647
1114 1415
1146 738
545 1305
1946 871
984 1522
205 1654
1897 611
1051 900
843 1598
1440 856
1001 58
1562 1229
1118 526
362 104
1743 1245
1082 1516
46 1754
180 1118
567 1266
105 181
829 323
957 961
922 1868
341 1393
871 495
393 1997
887 437
324 927
1451 1579
1690 155
581 706
13 918
620 99
433 1796
390 1551
568 8
669 961
944 1898
1616 779
13 1905
1962 699
1041 854
1591 1283
1962 1842
1480 492
660 1615
1847 1426
1114 976
882 1042
279 1448
397 76
1723 1200
1402 1964
1589 1067
1706 1143
1703 1396
1411 822
1354 387
421 1012
1613 639
953 1432
1926 671
1427 755
168 343
94 1580
319 1309
1303 1511
514 1875
376 774
338 12
747 1897
1925 629
1228 1173
662 1660
40 855
145 90
1627 1320
361 1560
117 1814
63 1865
1850 815
1772 1388
324 525
905 211
622 557
1187 563
417 1496
647 71
1491 1692
295 309
888 361
854 103
742 897
1832 162
178 114
1622 734
1681 137
1366 1192
1856 1545
826 1732
593 1520
1689 678
1318 794
377 306
214 390
728 1518
105 1396
671 1257
1022 287
460 104
378 693
929 1153
1172 1914
734 949
639 1000
1634 1081
398 724
478 795
272 415
1740 943
1705 290
1225 1486
958 644
1866 834
1148 1068
397 1346
1544 1733
1166 1487
568 683
302 1324
1445 81
64 311
543 398
1286 671
125 634
1552 19
1425 867
1976 1399
760 613
253 1354
755 825
84 1278
613 693
938 1926
1892 839
1690 1640
1238 1990
688 1669
1161 756
1457 733
42 1753
1413 1916
1356 1984
744 1901
1299 1135
1911 226
1024 324
1177 936
1102 641
547 824
590 603
1858 1688
866 872
1751 1309
970 1922
303 974
776 1760
1858 332
8 63
1757 1367
324 186
1105 581
1048 29
533 853
103 444
1437 1818
174 1521
1188 152
205 897
1416 679
1953 37
1611 1785
531 336
28 376
604 858
138 293
208 1525
1738 1906
84 1660
1235 1493
1800 1946
1574 924
980 20
832 1128
510 262
1598 918
697 583
881 1827
1088 1495
568 1787
1867 1126
1190 1731
1599 420
1103 1486
423 1296
1136 686
1794 1211
1185 865
1302 273
288 375
244 1810
1315 315
185 117
1544 1276
949 57
1140 1380
273 47
829 1825
609 1077
1876 947
1488 1429
1945 1675
263 1920
1333 167
83 1714
1620 1428
1479 1987
895 719
1097 90
344 1723
1800 227
230 1563
586 114
1060 1055
633 636
95 1811
1098 1059
268 236
1290 27
20 1850
316 258
633 1839
1351 633
214 1345
1335 1198
642 1541
1512 1269
1496 602
1408 739
42 1205
1661 1568
1241 287
1165 316
692 917
802 617
926 31
548 1937
19 1262
1436 1095
38 222
205 1774
1060 1060
700 1397
1762 1536
832 30
394 397
1306 234
337 1414
190 147
350 1062
1901 548
1167 1581
174 75
1116 1844
238 1369
101 1379
1514 505
1443 1709
924 750
856 166
160 1422
1136 361
92 1422
9 532
1948 882
1042 184
1813 1284
1516 599
584 388
707 87
1563 1381
1191 165
557 1738
416 255
578 479
107 1938
1002 747
813 1314
1395 1901
348 1627
1135 1720
1771 1910
1421 718
1061 1149
285 1037
740 1226
1841 1972
1264 1700
131 770
1253 1432
1688 1019
341 1957
1183 1686
769 1575
1388 1662
1683 1167
97 1529
1593 928
608 185
1402 1379
896 966
1008 299
1734 1926
587 1576
1640 74
1377 300
771 1527
24 968
658 760
1356 98
28 486
845 1202
874 978
1951 653
1369 151
1033 1744
1319 1154
1597 937
1369 784
249 1200
1393 1675
956 162
198 1826
1905 1821
1945 842
633 1511
548 1003
1938 959
1743 1163
1503 1377
1416 405
243 1731
415 364
1844 641
75 158
1186 1644
1404 17
1973 967
54 840
156 442
1040 1151
1580 1636
1436 259
1604 938
278 730
1453 929
296 743
503 1074
175 1399
1793 570
623 1546
1691 1984
690 1358
1809 217
502 1537
23 1305
850 1759
923 1784
794 1507
890 1508
1380 1839
1 162
362 1479
1399 1850
148 1821
1955 644
1437 151
1070 1629
1322 379
638 366
1960 1402
1108 590
1701 39
1973 145
1033 1998
881 630
1568 987
76 550
1839 841
1863 1350
732 212
424 166
1991 279
1465 821
1431 790
1860 1199
269 713
803 925
1256 780
1766 28
1187 300
989 1165
1837 1770
1234 870
1314 1971
996 1327
1437 1572
1535 1154
1835 541
693 1862
189 68
1723 1765
257 1180
1101 1399
1152 1721
1685 1787
731 963
440 1242
872 753
1465 1856
922 1806
1057 1252
1680 1514
172 790
1883 1506
775 1990
374 1019
305 597
1864 172
768 510
522 1197
1804 1513
1521 1784
496 1678
57 834
649 1197
447 1140
803 1396
362 1724
1343 720
1495 974
726 630
1555 42
1068 466
1811 461
97 1615
1149 444
1871 1604
51 905
501 102
1799 896
1668 1232
1710 842
1668 77
320 745
1409 1858
997 1332
859 1778
683 1045
214 323
243 691
1331 432
161 631
797 1822
236 416
436 1590
359 1967
12 1132
1465 572
432 1419
1284 1256
1828 1705
701 1393
1580 865
1167 1844
552 1737
1874 346
1583 1048
1250 395
642 863
663 440
1960 1781
1190 1881
1900 1599
792 8
401 1595
1326 1861
1383 165
420 742
691 148
455 1078
1859 1834
1623 1226
265 414
363 1874
1102 417
372 1739
1965 513
756 434
880 45
989 563
1073 1584
823 1366
926 1859
1483 585
1187 577
114 1614
1736 739
761 1412
1009 1352
1921 1239
490 1736
1116 797
622 1945
869 1043
948 293
1962 1607
318 423
911 1566
610 934
1258 1093
1552 177
408 457
976 1514
1556 1742
90 51
1509 1731
1231 694
128 1432
1932 1185
1518 900
159 754
1121 1185
1051 960
434 526
1624 385
165 1248
563 923
1381 1157
1423 597
408 777
1356 78
1096 1187
1842 1359
1398 877
770 1420
196 1640
735 1125
772 1242
402 101
1405 370
434 1867
1199 1185
585 116
435 716
329 742
1500 276
1640 870
727 82
1420 49
1426 383
441 1536
1735 486
1677 1578
7 1343
1395 1569
958 1555
1517 3
1940 1045
1373 263
414 999
1224 457
934 1163
696 744
740 56
629 1904
1504 314
724 253
632 1921
1880 444
1102 890
1118 1147
1806 1661
595 1211
1076 314
365 1453
176 641
1268 1949
1377 1999
1618 393
460 949
1187 1942
472 1744
418 748
1883 1834
1737 409
399 1847
1397 440
1192 670
376 1007
1421 1675
1489 229
1684 1455
1120 1552
1203 1954
1759 893
1414 333
1849 630
1995 545
401 1780
305 187
1261 1200
1714 1957
1975 1120
347 755
786 1826
1429 1345
453 975
1575 1337
1294 680
135 275
163 200
1026 1549
896 1951
321 1996
1167 1319
378 168
684 773
215 465
176 1680
445 557
1709 1332
1214 1930
553 1783
1247 1684
1023 1258
1391 263
1486 157
832 235
1123 1958
559 1864
883 676
567 1854
1581 1006
824 340
1090 685
1058 1972
218 1238
1067 1764
966 834
1438 1289
1621 1663
316 1734
416 1992
1179 1364
1320 1847
1438 11
1936 1125
151 360
468 1887
1105 992
238 526
1109 1431
320 616
474 759
1547 1278
1306 760
340 1165
1541 1997
602 320
430 774
263 1519
579 487
1977 1032
560 511
926 200
657 1495
752 1673
330 1686
1184 1712
1634 749
134 605
8 1423
738 865
610 1320
75 1651
674 1202
1201 1646
261 120
1478 1482
1199 1989
203 724
1010 308
1044 1419
1214 93
1879 260
1472 334
343 526
779 731
1534 1135
133 908
1173 1381
1925 817
836 231
1690 1620
1775 407
1779 993
331 1911
13 1495
981 1144
1474 1396
615 302
164 229
1867 1350
1517 172
1973 1557
423 1366
963 1305
829 256
816 1679
1764 1167
1617 1210
1151 403
1734 80
730 1445
563 57
994 1005
476 1495
151 1107
1276 858
1856 1680
1687 1364
642 1671
167 1613
1875 153
1719 353
343 512
218 1896
631 431
1340 113
830 93
1092 1453
1286 785
1654 928
1654 1945
1314 1684
751 537
1053 377
440 648
587 1392
1088 1174
1537 648
16 1573
806 694
1835 1786
1194 633
482 643
846 1463
1447 1338
189 1440
694 872
700 1186
559 788
62 447
102 934
1023 1630
246 550
668 1548
369 1526
665 190
1002 1324
1568 1701
744 1787
1257 307
610 784
1205 427
1614 514
427 1830
1615 1146
1671 1392
1186 1453
1705 716
1579 1112
1396 1695
750 405
1692 1948
1833 215
572 1002
461 422
1580 45
903 46
645 1165
86 1837
557 62
1315 1399
1670 1438
1668 385
1207 445
975 822
1880 948
1541 1196
1443 1641
815 595
267 538
1654 879
69 831
899 633
1508 618
641 493
1525 1690
1694 1321
1042 158
1586 638
1881 517
1685 805
642 456
1920 432
679 674
1052 728
1274 1816
1653 1662
1579 922
582 1758
675 1673
1932 1751
1507 78
825 1914
1179 1818
1776 1540
527 1888
1552 1215
133 1292
1419 318
596 659
1886 1532
280 541
104 1630
777 943
1690 370
975 1441
851 900
812 139
1471 1789
1532 697
1058 529
597 1624
1312 1135
262 1192
1488 330
1278 380
1681 1770
1171 1537
717 1679
146 1662
1414 380
733 588
620 279
45 1682
711 35
1719 188
942 917
464 1836
1446 604
1490 1883
1561 82
34 481
1632 685
734 1875
1482 850
604 762
1339 1659
1064 976
142 898
1603 1498
1913 1010
443 816
1110 1045
1886 640
785 555
1868 48
720 188
743 1313
717 1696
1260 841
753 1039
293 930
787 338
1023 383
688 1510
1924 408
945 613
182 682
1636 1172
2 987
453 1026
583 396
497 634
548 642
1036 1169
1074 974
1430 242
1036 635
55 1630
124 1849
188 986
64 1169
1536 229
1829 1943
1411 976
54 1688
1352 228
731 1259
1424 1399
690 1812
1413 616
1422 789
1627 317
1286 1416
150 1135
1357 1518
37 1197
785 874
1137 1167
1835 1774
1066 1551
577 955
150 109
575 684
81 1588
1842 398
1515 1377
1870 1993
1847 1226
1589 1664
1025 662
705 992
391 386
124 1871
1283 1596
1851 1846
396 1917
1112 427
1771 416
1323 1036
650 1053
1930 1370
460 1812
192 1208
657 1792
530 903
313 541
1162 169
1966 1051
1484 1164
454 1989
873 290
284 13
406 1711
370 1263
1385 84
955 527
472 746
1932 991
767 197
862 949
1200 575
571 435
1250 594
334 313
204 325
1437 1061
1884 177
1124 207
1125 1406
835 190
1149 606
1019 244
1405 1753
1784 882
1466 575
177 1497
136 1326
1008 656
38 1299
730 801
648 1902
1185 206
993 476
1745 1295
1050 645
758 1738
245 480
108 1071
412 1484
158 1044
1048 1039
402 350
791 781
1726 1981
660 1155
1340 27
1779 322
1179 441
1083 1536
836 997
788 1122
933 1498
1313 1279
282 132
757 57
94 1812
1053 1080
1096 1293
1480 1837
454 1965
328 1713
1108 259
1242 1309
294 1844
1949 1050
869 971
1975 1629
336 691
269 1369
444 936
1610 274
641 1985
193 1211
1750 225
1834 1438
1788 1756
856 552
31 904
1943 1782
155 1487
942 529
524 303
1983 1085
1614 1222
1077 1502
885 4
882 1778
463 1024
1246 1685
461 924
1763 1865
921 1409
1673 1124
1963 1380
1127 269
998 1886
113 273
1611 1519
1119 76
1068 1248
1011 917
340 1998
552 1708
1960 1734
446 1713
1108 1287
905 513
1886 1700
1341 1100
1902 494
1966 1816
34 1934
1857 837
492 1077
339 883
1144 1244
427 1929
1529 1340
499 1864
1872 1454
1379 1190
1022 86
582 181
287 441
1576 1215
1803 322
1628 1390
313 340
1048 1008
11 378
1448 12
1417 564
1030 1030
1211 350
829 361
392 1752
1373 911
1163 225
256 1848
541 1297
1762 614
867 583
1865 1792
77 1575
1690 272
1914 1264
1804 1238
75 508
637 480
731 1869
708 1789
782 605
392 1296
791 483
483 1961
1608 1094
1969 701
346 1516
90 62
629 300
54 1785
1771 17
1525 1126
1913 1888
450 408
1071 378
1693 1868
1476 1100
428 1605
644 1774
372 215
1231 1642
472 1477
837 1258
960 394
692 318
328 1844
401 1869
1195 1074
805 1084
823 1405
394 1638
1557 608
698 612
1395 1665
607 1893
1532 1843
672 39
1771 392
83 1722
449 1532
1267 5
748 1859
1802 1993
66 1841
710 621
1527 1616
98 807
623 1971
1572 502
1517 85
1891 771
535 388
1950 1498
1098 1692
1273 969
436 688
1000 253
251 820
1563 1014
769 579
1139 225
516 343
1362 1072
597 21
1728 303
225 983
1700 229
1869 997
1571 650
1451 257
1838 93
1784 1949
40 907
1614 274
1800 1010
510 373
1156 388
1204 137
193 775
1892 1593
1423 409
1553 1200
410 223
1388 197
771 1366
1095 1955
752 591
1914 1181
400 1707
1091 1791
569 8
783 266
1854 436
219 1392
983 1037
1457 1439
143 1266
17 24
1246 1605
275 182
252 1066
1593 482
330 241
889 1441
821 1727
568 933
1801 993
1573 1798
1347 1090
1683 1443
545 1891
1116 1896
1722 1060
1025 1414
444 1365
1493 1596
1414 1538
314 711
528 1484
1999 884
128 1312
192 1731
1713 1404
57 34
257 1532
1969 162
676 901
391 1039
1947 1907
1757 712
1940 392
738 813
93 250
1457 536
1740 294
830 1172
1099 522
1527 1648
1745 1139
1818 1105
1697 970
978 52
1193 297
1834 1342
672 541
561 1874
528 1722
1899 1723
800 167
1564 1220
97 1561
856 378
820 67
1181 1058
1974 1058
537 233
1757 702
1901 845
1491 598
855 835
430 1511
850 1181
1550 1288
1009 16
1454 61
1540 235
1269 962
1510 402
1548 750
962 1210
1040 1985
212 270
493 680
1486 594
586 736
56 760
1547 858
1488 1469
1056 1177
702 1964
620 1329
1171 616
757 1346
767 873
73 1402
576 203
1854 728
1416 574
810 1274
1670 690
58 1735
1743 313
1685 841
486 1376
1167 1701
1245 1306
140 801
701 1600
228 1558
1583 1326
470 452
123 1469
694 1312
1467 1338
543 872
1151 606
833 405
255 1986
391 1895
1841 28
1606 1012
894 1080
1547 976
1171 36
694 1271
15 1234
69 1166
560 1502
1891 1956
1518 1273
716 1986
211 429
1533 605
444 1552
188 1439
1356 185
183 1615
487 1806
1921 1925
1970 265
248 1284
929 687
1329 1309
24 995
731 1353
1348 592
990 921
850 27
818 1019
905 1942
1684 716
1678 1055
487 1938
1536 1522
1745 371
930 1572
838 1229
858 35
1669 1580
336 1111
1342 1993
1133 485
1422 1284
433 1822
1693 1334
1078 1535
398 121
533 1758
481 409
1877 462
468 829
715 1790
1355 1513
1178 857
1061 1879
1925 1491
1887 1690
1432 684
1733 79
746 1908
828 900
1363 843
164 426
1909 1577
1959 1241
1913 869
27 1944
115 686
1210 221
464 897
1672 777
1250 748
277 1617
1673 1524
1078 302
1535 1688
398 1890
1727 1704
1016 496
1718 709
499 704
1345 1313
860 1336
1850 1831
420 528
1354 1508
1 1491
726 1476
378 845
1141 510
310 41
563 1998
406 956
817 968
1582 1513
1982 1520
1927 1921
411 1503
426 955
862 978
184 604
1910 1587
1529 347
1146 1748
707 1367
461 1384
748 65
156 1728
1517 1389
1575 693
1977 1696
1498 290
1257 143
1623 1602
222 920
1121 943
1964 23
1477 18
1854 1761
606 1119
1645 1640
1588 1686
1448 1928
251 959
384 1776
1342 825
1196 1520
10 6
4
1 2
2 3
1 1
2 2
3 9
1
2 4
