9
0 0
3
10 10 20 20
-20 -100 -10 100
0 1000 1 1001
999 0
3
10 10 20 20
-20 -100 -10 100
1000 0 1001 1
0 0
3
10 10 20 20
-20 -100 -10 -10
0 1000 1 1001
0 0
4
-1000000 -1000000 -999999 1000000
999999 -1000000 1000000 1000000
-999970 999998 999970 1000000
-999970 -1000000 999970 -999999
0 -1
4
-1000000 -1000000 -999999 1000000
999999 -1000000 1000000 1000000
-999970 999998 999970 1000000
-999970 -1000000 999970 -999999
-100 -100
10
-1000000 -1000000 -999999 1000000
999999 -1000000 1000000 1000000
-999970 999998 999970 1000000
-999970 -1000000 999970 -999999
5 5 6 6
7 7 9 8
100 0 102 3
-30 -50 -29 -20
-120 -100 -110 -90
-50000 64 34 80
5 10
10
-1000000 -1000000 -999999 1000000
999999 -1000000 1000000 1000000
-999970 999998 999970 1000000
-999970 -1000000 999970 -999999
5 5 6 6
7 7 9 8
100 0 102 3
-30 -50 -29 -20
-120 -100 -110 -90
-50000 64 34 80
5 5
26
0 -1000000 1 -999975
0 -999950 1 -999925
0 -999900 1 -999875
0 -999850 1 -999825
0 -999800 1 -999775
0 -999750 1 -999725
0 -999700 1 -999675
0 -999650 1 -999625
0 -999600 1 -999575
0 -999550 1 -999525
0 -999500 1 -999475
0 -999450 1 -999425
0 -999400 1 -999375
0 -999350 1 -999325
0 -999300 1 -999275
0 -999250 1 -999225
0 -999200 1 -999175
0 -999150 1 -999125
0 -999100 1 -999075
0 -999050 1 -999025
0 -999000 1 -998975
0 -998950 1 -998925
0 -998900 1 -998875
0 -998850 1 -998825
0 -998800 1 -998775
0 -998750 1 -998725
5 5
26
-20 -1000000 20 -999975
-20 -999950 20 -999925
-20 -999900 20 -999875
-20 -999850 20 -999825
-20 -999800 20 -999775
-20 -999750 20 -999725
-20 -999700 20 -999675
-20 -999650 20 -999625
-20 -999600 20 -999575
-20 -999550 20 -999525
-20 -999500 20 -999475
-20 -999450 20 -999425
-20 -999400 20 -999375
-20 -999350 20 -999325
-20 -999300 20 -999275
-20 -999250 20 -999225
-20 -999200 20 -999175
-20 -999150 20 -999125
-20 -999100 20 -999075
-20 -999050 20 -999025
-20 -999000 20 -998975
-20 -998950 20 -998925
-20 -998900 20 -998875
-20 -998850 20 -998825
-20 -998800 20 -998775
-20 -998750 20 -998725
