100
197
4
583920682924895290
1000000000000000000
50
49
48
47
46
45
44
43
42
41
40
39
38
37
36
35
34
33
32
31
30
29
28
27
26
25
24
23
22
21
20
19
18
17
16
15
14
13
12
11
10
9
8
7
6
5
4
3
2
1
28542172900355380
904432822200181584
425985792483617926
656671768072518889
554523247133911893
119119471855269911
552360943130768234
705995659993113326
32522135389011854
670479545343899349
825973842956731393
601657176217283339
779298105491738008
353313336270789136
329810104071579500
359266720414059059
378803460797733834
6128884222841186
337636415556925135
95074731820780389
332302217605277398
122311893754667280
278017462372368598
917642924600147390
293916126270742654
803471363969366508
232559820766506125
286917396530781339
306583048918994789
145704955790648765
151770349687962712
439419168769809145
938400691766815745
320573922873034800
251129529471716712
934908140798933648
598969064214677446
629778384223243079
476066586564911027
413669655818987350
631256795178617474
841093480779294428
906751698602497003
764706260162855675
501896718108919319
320762093016804883
521725589497044250
