17
5 25
10 3 5 7 20
3 100
20 25 15
2 10
20 35
6 5
2 2 2 3 3 3
6 5
2 2 2 2 2 2
6 3
3 3 3 3 3 3
10 10
1 1 1 1 1 1 1 1 1 1
10 10
1 2 3 4 5 6 7 8 9 10
1 36
5
10 1
3 4 5 6 7 8 11 1000 10 3
299 628
701 950 903 999 886 366 785 382 260 870 757 176 520 349 880 601 556 167 93 458 904 575 506 298 797 104 668 500 908 348 306 299 995 153 414 714 509 709 63 660 644 467 978 276 482 115 753 639 622 85 565 598 137 164 366 387 793 848 843 97 204 4 894 791 5 258 930 283 188 278 141 138 446 789 732 478 774 722 225 533 558 363 165 725 120 773 944 238 980 998 4 672 122 816 380 372 209 855 405 492 966 907 400 625 956 186 357 139 577 115 934 940 382 898 576 489 771 826 191 313 690 749 636 159 208 626 192 154 771 390 323 78 467 633 277 877 862 765 509 80 842 387 469 647 422 577 51 95 664 657 855 457 688 841 495 724 262 785 358 969 610 739 585 256 870 430 563 780 132 277 873 425 75 818 482 59 17 471 930 461 636 872 409 706 678 71 936 224 755 824 244 486 717 34 661 494 129 185 956 787 143 256 121 695 372 167 54 954 453 293 410 615 630 949 228 350 53 59 497 927 482 371 548 588 722 739 982 546 452 933 865 600 60 407 117 144 707 221 305 476 156 89 569 354 795 102 14 238 909 254 733 474 479 318 534 991 710 973 588 727 18 340 457 106 466 243 377 357 468 586 265 380 140 197 631 144 838 379 477 341 288 203 301 102 182 245 522 118 293 90 22 442 958 429 964 561 245 973 780
85 242
731 984 536 692 439 493 274 618 25 258 560 695 62 287 99 838 84 632 218 922 497 474 966 574 568 230 27 708 639 519 337 852 282 895 668 319 579 491 262 997 86 105 785 844 356 795 529 167 42 767 743 457 736 181 470 811 694 516 51 975 504 314 722 642 568 431 359 938 17 421 502 938 265 304 208 666 996 777 196 272 767 856 965 984 805
67 301
987 804 551 607 601 691 871 39 15 411 891 290 323 742 810 174 854 31 352 878 565 538 117 855 801 767 343 852 883 734 643 510 760 675 832 273 465 68 585 119 217 174 548 743 789 534 440 395 206 970 886 514 921 699 964 683 359 83 924 185 146 412 151 628 357 856 178
672 889
389 503 915 375 52 18 347 142 408 111 620 353 398 859 561 847 114 313 993 167 201 539 939 940 660 957 699 43 894 533 151 25 679 529 840 783 618 876 72 869 322 668 299 649 212 964 504 190 358 841 201 975 228 610 894 429 558 202 554 849 815 12 722 482 873 884 365 437 615 513 481 580 122 268 777 792 2 316 425 792 199 990 38 220 305 531 515 843 18 692 341 540 858 209 239 207 703 811 851 820 2 259 221 698 743 905 450 425 402 376 812 989 116 296 20 443 282 405 73 787 611 46 305 845 454 747 840 615 837 537 647 943 246 739 777 407 661 173 167 979 698 128 620 367 63 977 164 943 631 35 14 818 642 92 812 928 460 75 624 968 264 478 427 625 869 495 462 839 590 294 883 780 688 503 582 772 476 762 950 695 618 166 582 255 474 512 632 108 639 529 594 5 935 699 783 33 236 844 671 519 437 384 563 388 782 62 762 557 541 977 539 505 722 968 694 254 106 736 464 840 392 624 834 822 650 619 61 467 606 996 373 58 497 975 336 204 365 916 374 93 704 876 239 427 304 779 57 115 994 91 717 931 737 613 949 3 192 973 461 398 422 416 858 94 908 784 897 313 400 908 835 522 436 225 222 418 525 97 548 860 128 191 535 21 544 286 745 999 720 17 368 750 855 440 739 483 346 737 161 586 284 38 75 760 242 136 487 254 514 812 825 43 362 590 79 298 15 20 168 755 403 987 948 440 599 139 194 745 980 237 164 28 956 138 100 754 927 147 78 689 792 703 209 822 979 670 52 482 415 83 485 596 310 807 990 161 914 432 465 754 669 684 223 375 253 799 798 988 107 558 549 867 932 171 802 273 526 791 480 38 55 188 721 354 545 49 991 424 922 450 605 680 414 246 329 943 515 553 1 235 973 11 679 982 488 233 858 958 884 686 739 658 520 288 341 743 638 136 505 834 147 155 477 185 58 882 811 728 445 292 794 562 302 327 440 190 157 757 407 746 595 105 833 980 154 634 190 998 181 805 726 637 314 196 995 858 236 607 233 755 211 950 73 588 722 586 211 770 200 956 126 876 435 711 924 565 790 76 669 749 714 813 333 499 389 32 630 916 572 19 547 675 805 427 357 987 223 460 244 534 112 122 462 274 243 228 106 115 733 610 177 150 866 893 581 544 874 289 148 142 136 65 500 612 652 770 844 240 917 798 380 491 538 621 3 126 992 832 441 953 987 185 792 264 741 967 640 643 352 378 614 75 139 64 284 267 459 593 727 647 59 457 18 756 446 126 101 690 118 800 230 743 742 754 208 688 554 600 186 944 279 360 637 457 883 974 442 263 329 760 745 573 300 387 323 710 544 113 745 364 91 405 543 466 102 572 916 435 524 709 246 665 31 58 863 925 965 917 19 742 113 307 1 961 206 962 699 414 948 594 679 6 246 59 2 640 67 753 641 63 5 520 280 125 195 421 729 949 723 946 967 217 19 625 14 82 19 563 505 268 101 109 778 500 851 712 803 797 767 66 28 58
878 778
531 33 112 142 456 30 941 70 797 670 466 877 36 542 668 414 13 922 943 967 671 571 440 495 997 205 938 992 572 460 188 205 610 22 677 517 294 138 792 517 483 899 193 686 604 533 36 660 634 441 332 732 608 858 380 619 21 842 659 25 808 742 31 207 341 437 376 563 26 406 46 262 617 118 614 53 357 345 466 707 375 710 708 966 586 226 703 514 470 621 330 219 740 946 691 831 847 372 584 382 707 73 517 794 808 806 423 539 89 115 531 797 563 99 15 213 721 336 179 231 132 861 906 996 531 57 31 974 895 951 107 773 668 676 759 136 340 804 454 687 62 834 42 846 802 374 870 242 868 460 639 84 262 11 376 193 434 635 126 842 485 871 977 98 757 492 25 117 72 664 786 704 567 601 311 527 197 857 982 539 495 553 552 548 111 628 494 367 978 695 155 657 691 183 496 397 842 231 459 892 593 250 96 385 730 130 666 601 814 839 820 38 804 565 852 401 708 593 766 345 401 838 535 616 750 331 530 749 553 978 550 713 624 584 270 290 572 501 212 501 400 237 530 117 105 14 10 122 881 593 674 26 337 626 311 97 409 436 51 891 282 383 833 949 675 943 260 169 323 170 845 165 344 511 111 837 433 797 360 537 543 837 161 432 748 220 795 118 507 834 934 79 429 110 837 354 942 214 186 644 976 220 511 120 899 820 825 427 427 263 676 712 216 35 364 14 112 252 448 46 823 861 999 200 900 522 286 594 466 487 694 129 100 867 725 812 641 435 872 28 446 526 996 101 809 620 593 196 853 961 25 555 164 890 306 145 853 627 550 10 533 905 565 13 896 213 327 191 192 403 308 677 945 37 695 942 649 220 563 185 30 566 959 830 704 616 696 411 694 271 343 645 331 762 569 80 513 257 499 547 180 451 210 553 97 397 815 897 758 384 874 17 268 905 997 32 579 594 590 977 329 578 676 509 847 856 572 195 601 143 28 587 457 157 102 461 662 426 637 955 380 555 748 861 946 306 90 999 726 21 29 411 654 645 55 104 27 80 893 219 124 667 816 771 565 350 617 572 110 483 505 573 762 292 3 571 628 723 532 211 970 778 970 234 307 482 934 191 176 279 909 198 418 34 643 896 451 781 419 415 996 28 904 72 180 747 290 487 749 112 345 990 372 712 828 541 665 205 411 812 610 341 913 781 503 861 181 929 436 28 374 112 580 444 785 285 218 384 570 486 552 65 917 966 814 174 272 857 89 480 181 563 564 550 221 899 638 431 258 86 424 660 965 873 698 103 138 447 297 957 850 287 269 684 892 778 843 803 267 257 420 215 736 109 339 186 525 695 137 202 368 172 376 647 964 728 886 683 819 348 453 731 163 999 557 717 305 38 760 564 370 728 731 498 815 960 712 369 504 694 423 555 433 155 20 21 347 523 750 733 624 722 364 958 795 924 183 934 970 535 962 34 272 782 319 798 103 487 584 160 676 239 339 806 821 10 818 788 469 155 591 498 617 895 631 596 775 609 958 759 121 693 532 939 594 325 955 397 184 196 887 912 509 159 710 457 601 791 185 89 479 64 274 976 700 684 303 289 597 151 922 147 294 283 79 937 929 764 381 92 739 247 733 863 773 701 150 701 64 971 950 609 986 969 353 244 443 534 660 585 210 740 777 719 472 377 833 657 137 379 53 132 994 224 823 991 151 704 122 178 477 23 75 242 986 861 439 21 159 922 235 414 243 471 575 135 464 557 981 984 887 932 145 409 427 157 96 108 89 29 247 979 104 253 619 998 24 240 828 487 224 999 99 807 490 389 648 731 551 373 259 595 456 532 790 906 711 790 633 209 911 231 868 901 463 884 958 168 616 604 366 348 659 484 382 876 640 793 797 393 367 52 794 747 768 750 581 386 918 105 812 74 168 491 851 955 842 387 243 733 918 190 578 158 951 813 60 30 259 787 723 690 43 457 196 309 688 987 316 333 968 90 711 115 247 788 653 113
1000 1000
57 64 125 24 641 960 35 881 129 532 975 455 22 85 715 255 588 289 894 53 569 79 995 146 332 760 758 471 231 331 628 323 472 885 712 636 228 846 978 713 89 941 120 835 191 57 582 410 532 553 732 188 45 172 68 583 977 426 639 362 999 228 586 755 255 565 793 588 265 233 190 146 172 995 161 323 353 35 837 52 811 261 808 143 72 827 932 452 569 221 449 685 586 423 603 312 895 903 297 731 153 703 119 287 983 445 223 772 396 864 134 777 907 393 563 611 228 391 677 550 926 864 96 862 791 863 82 382 961 359 13 417 29 19 248 426 474 233 909 201 741 704 951 266 231 100 124 825 249 608 86 863 712 683 953 942 30 932 59 842 120 893 554 399 932 371 719 851 262 142 588 521 826 79 525 909 768 168 895 104 831 484 878 1000 392 886 762 945 445 121 769 318 392 43 575 4 221 860 202 918 210 687 915 513 835 182 38 689 956 723 397 631 667 400 207 891 432 83 788 463 257 963 449 682 671 262 234 534 249 240 23 367 247 261 616 44 681 426 48 310 832 189 357 495 746 479 409 729 747 52 223 510 379 203 399 814 483 498 914 934 277 904 529 889 449 535 510 547 237 246 177 577 415 497 53 974 896 197 1 160 400 764 836 618 264 226 296 602 997 27 185 699 646 130 716 946 358 98 793 741 816 149 44 27 342 541 900 72 573 251 925 725 559 651 880 187 19 736 747 201 294 541 20 39 192 561 96 834 563 354 563 606 906 18 449 806 762 889 297 304 913 670 45 555 688 128 243 83 757 683 105 534 874 472 261 285 922 951 824 3 519 671 601 608 148 660 809 804 468 738 709 736 21 179 897 313 4 362 853 487 204 436 524 49 419 585 337 555 924 154 67 627 628 771 393 169 567 614 843 30 288 125 19 265 513 818 685 386 175 292 330 996 558 212 269 724 811 803 228 663 544 358 625 416 563 379 419 393 58 197 505 244 719 382 107 160 316 800 526 324 270 904 890 967 591 756 277 322 387 294 678 280 799 582 807 686 838 120 670 42 113 809 167 837 819 847 700 848 708 629 949 539 958 745 498 118 10 260 968 894 460 803 668 345 50 407 549 677 641 658 435 754 804 483 59 959 344 818 459 946 612 466 641 242 963 699 271 377 61 548 301 536 73 237 124 727 919 973 790 119 903 99 323 520 14 688 949 903 131 766 319 552 141 736 448 636 755 5 131 980 385 498 86 393 20 495 888 135 459 211 90 52 627 633 546 409 920 380 77 729 741 790 83 778 391 1000 614 362 512 526 712 821 127 719 542 912 101 550 933 282 570 339 506 889 460 428 446 538 724 304 345 151 347 323 258 538 486 67 286 187 311 273 508 48 290 480 108 352 642 788 826 291 673 596 710 738 523 780 271 299 630 545 744 659 866 96 152 581 871 356 256 951 581 173 279 914 341 883 503 535 252 585 448 360 624 235 366 965 480 503 206 832 84 333 46 906 353 341 210 783 856 511 963 752 804 91 705 875 70 296 33 849 839 142 955 675 887 760 746 16 869 580 651 744 247 88 733 333 633 250 604 676 413 267 735 398 465 100 286 936 695 22 152 509 871 571 1000 563 949 415 607 480 671 52 747 90 731 731 184 52 195 683 81 241 214 565 287 91 253 1000 500 256 219 233 274 55 888 221 192 914 992 925 312 410 144 172 159 592 582 227 110 972 325 128 45 937 930 911 471 375 508 90 204 989 34 140 828 113 269 269 817 833 811 485 202 887 887 793 98 114 505 393 238 186 494 907 903 994 772 996 271 324 924 190 286 389 782 425 571 396 239 547 801 556 983 998 214 842 175 16 604 385 353 944 244 591 998 635 655 946 286 559 50 989 499 908 570 153 458 917 145 960 136 629 928 610 286 564 761 117 531 88 75 972 852 802 940 778 844 927 734 415 400 497 48 87 735 164 970 26 767 516 891 709 920 161 304 223 367 221 848 788 547 543 41 507 587 642 707 153 888 355 99 150 711 236 128 944 87 957 890 644 730 373 902 149 941 445 72 988 662 935 444 731 965 602 196 156 232 695 181 324 224 661 570 315 35 340 773 688 663 390 882 634 543 312 339 395 945 274 381 771 565 835 109 436 1000 815 673 346 30 801 185 725 818 208 427 19 199 378 334 691 179 934 546 967 681 513 985 424 341 12 600 873 847 707 860 80 915 957 577 737 526 709 918 503 402 695 244 107 84 35 529 262 151 956 683 548 254 435 60 580 716 928 783 442 322 730 298 840
1000 1000
14 14 14 14 14 14 14 14 14 14 14 14 14 14 14 14 14 14 14 14 14 14 14 14 14 14 14 14 14 14 14 14 14 14 14 14 14 14 14 14 14 14 14 14 14 14 14 14 14 14 14 14 14 14 14 14 14 14 14 14 14 14 14 14 14 14 14 14 14 14 14 14 14 14 14 14 14 14 14 14 14 14 14 14 14 14 14 14 14 14 14 14 14 14 14 14 14 14 14 14 14 14 14 14 14 14 14 14 14 14 14 14 14 14 14 14 14 14 14 14 14 14 14 14 14 14 14 14 14 14 14 14 14 14 14 14 14 14 14 14 14 14 14 14 14 14 14 14 14 14 14 14 14 14 14 14 14 14 14 14 14 14 14 14 14 14 14 14 14 14 14 14 14 14 14 14 14 14 14 14 14 14 14 14 14 14 14 14 14 14 14 14 14 14 14 14 14 14 14 14 14 14 14 14 14 14 14 14 14 14 14 14 14 14 14 14 14 14 14 14 14 14 14 14 14 14 14 14 14 14 14 14 14 14 14 14 14 14 14 14 14 14 14 14 14 14 14 14 14 14 14 14 14 14 14 14 14 14 14 14 14 14 14 14 14 14 14 14 14 14 14 14 14 14 14 14 14 14 14 14 14 14 14 14 14 14 14 14 14 14 14 14 14 14 14 14 14 14 14 14 14 14 14 14 14 14 14 14 14 14 14 14 14 14 14 14 14 14 14 14 14 14 14 14 14 14 14 14 14 14 14 14 14 14 14 14 14 14 14 14 14 14 14 14 14 14 14 14 14 14 14 14 14 14 14 14 14 14 14 14 14 14 14 14 14 14 14 14 14 14 14 14 14 14 14 14 14 14 14 14 14 14 14 14 14 14 14 14 14 14 14 14 14 14 14 14 14 14 14 14 14 14 14 14 14 14 14 14 14 14 14 14 14 14 14 14 14 14 14 14 14 14 14 14 14 14 14 14 14 14 14 14 14 14 14 14 14 14 14 14 14 14 14 14 14 14 14 14 14 14 14 14 14 14 14 14 14 14 14 14 14 14 14 14 14 14 14 14 14 14 14 14 14 14 14 14 14 14 14 14 14 14 14 14 14 14 14 14 14 14 14 14 14 14 14 14 14 14 14 14 14 14 14 14 14 14 14 14 14 14 14 14 14 14 14 14 14 14 14 14 14 14 14 14 14 14 14 14 14 14 14 14 14 14 14 14 14 14 14 14 14 14 14 14 14 14 14 14 14 14 14 14 14 14 14 14 14 14 14 14 14 14 14 14 14 14 14 14 14 14 14 14 14 14 14 14 14 14 14 14 14 14 14 14 14 14 14 14 14 14 14 14 14 14 14 14 14 14 14 14 14 14 14 14 14 14 14 14 14 14 14 14 14 14 14 14 14 14 14 14 14 14 14 14 14 14 14 14 14 14 14 14 14 14 14 14 14 14 14 14 14 14 14 14 14 14 14 14 14 14 14 14 14 14 14 14 14 14 14 14 14 14 14 14 14 14 14 14 14 14 14 14 14 14 14 14 14 14 14 14 14 14 14 14 14 14 14 14 14 14 14 14 14 14 14 14 14 14 14 14 14 14 14 14 14 14 14 14 14 14 14 14 14 14 14 14 14 14 14 14 14 14 14 14 14 14 14 14 14 14 14 14 14 14 14 14 14 14 14 14 14 14 14 14 14 14 14 14 14 14 14 14 14 14 14 14 14 14 14 14 14 14 14 14 14 14 14 14 14 14 14 14 14 14 14 14 14 14 14 14 14 14 14 14 14 14 14 14 14 14 14 14 14 14 14 14 14 14 14 14 14 14 14 14 14 14 14 14 14 14 14 14 14 14 14 14 14 14 14 14 14 14 14 14 14 14 14 14 14 14 14 14 14 14 14 14 14 14 14 14 14 14 14 14 14 14 14 14 14 14 14 14 14 14 14 14 14 14 14 14 14 14 14 14 14 14 14 14 14 14 14 14 14 14 14 14 14 14 14 14 14 14 14 14 14 14 14 14 14 14 14 14 14 14 14 14 14 14 14 14 14 14 14 14 14 14 14 14 14 14 14 14 14 14 14 14 14 14 14 14 14 14 14 14 14 14 14 14 14 14 14 14 14 14 14 14 14 14 14 14 14 14 14 14 14 14 14 14 14 14 14 14 14 14 14 14 14 14 14 14 14 14 14 14 14 14 14 14 14 14 14 14 14 14 14 14 14 14 14 14 14 14 14 14 14 14 14 14 14 14 14 14 14 14 14 14 14 14 14 14
