258
4 4 2 2
5 6 3 2
1000 1000 1000 1000
976 20 988 452
452 785 61 530
482 55 166 963
958 987 61 410
834 418 837 695
738 355 483 744
454 134 870 245
526 635 882 117
787 457 767 323
15 638 523 674
213 318 252 72
306 742 18 58
55 97 643 631
155 38 294 40
345 132 438 670
215 116 959 186
190 601 784 835
785 764 364 143
832 674 765 328
805 104 902 368
816 77 672 63
72 940 359 389
819 466 690 112
910 317 361 932
56 253 678 403
836 588 210 485
331 782 961 867
863 482 678 144
153 994 311 498
529 965 543 814
453 977 559 30
815 897 923 104
840 54 479 191
498 766 716 487
469 289 913 736
621 9 687 574
878 569 275 724
122 695 2 566
454 644 883 734
813 595 276 229
319 786 786 988
250 891 410 967
823 939 10 589
161 66 794 830
963 532 410 316
498 724 656 536
343 319 537 703
299 377 622 834
552 921 207 340
855 452 779 804
86 940 701 623
954 54 795 914
128 800 756 387
139 240 898 915
860 718 794 155
251 833 765 920
134 429 42 931
759 43 615 229
594 575 491 777
574 412 69 755
700 905 855 597
354 856 564 106
153 661 954 859
559 819 385 684
658 821 215 210
711 819 603 358
145 72 194 172
622 889 482 562
733 667 311 403
559 696 148 885
168 559 216 209
600 356 570 496
469 460 464 271
664 206 160 980
18 714 424 801
951 62 538 422
348 126 602 571
779 727 265 813
344 156 797 535
62 772 592 119
621 106 768 986
907 856 530 591
282 201 343 474
105 109 785 143
347 713 135 924
416 340 372 893
520 517 306 675
14 100 939 81
128 720 41 382
458 861 123 682
341 271 661 10
14 832 468 361
69 683 557 351
256 189 730 489
108 266 365 790
242 725 589 919
430 516 58 273
690 203 105 276
716 560 883 681
953 920 432 881
495 787 320 59
737 265 619 478
503 78 483 432
813 275 540 108
139 264 643 139
234 468 240 712
103 714 801 899
750 477 272 283
608 198 481 81
466 237 810 669
767 416 175 863
914 769 589 333
10 839 105 252
106 803 979 680
651 761 247 164
213 787 743 764
994 694 771 29
964 31 271 458
536 521 337 620
911 13 358 433
174 25 921 64
96 121 804 512
525 715 86 255
845 339 407 239
705 79 896 99
702 663 144 744
192 651 867 331
685 246 578 238
625 564 669 831
411 563 815 714
682 451 467 670
799 95 541 692
358 859 103 327
347 324 949 87
283 571 537 788
203 33 609 535
946 462 218 493
559 202 576 752
928 808 315 322
69 10 288 169
495 176 988 91
278 712 62 120
194 292 114 260
344 412 226 294
296 537 155 806
487 6 198 85
208 965 83 476
934 805 58 639
193 977 554 869
353 614 420 210
60 59 735 60
975 291 642 147
628 224 475 722
964 42 687 480
140 46 746 949
682 983 188 72
912 444 522 243
919 740 495 370
939 592 525 365
282 89 788 101
192 621 514 16
233 933 534 485
823 989 48 546
534 107 837 807
616 672 889 154
79 807 503 419
238 576 472 283
328 638 845 522
243 800 134 170
875 570 551 281
882 657 3 755
857 312 148 141
109 592 739 405
192 869 876 395
361 395 550 167
894 322 15 352
42 348 158 499
976 70 966 683
747 206 636 688
618 80 643 782
656 152 303 419
649 904 975 214
651 129 87 188
554 478 555 586
77 179 50 533
491 979 762 435
210 697 984 277
74 263 883 943
840 741 267 241
884 644 54 579
549 787 391 147
987 36 54 994
545 577 858 648
888 734 270 744
210 961 344 710
723 348 367 693
662 868 332 795
631 659 479 150
10 799 620 545
570 421 961 95
91 505 390 941
48 372 7 70
883 713 766 131
519 979 686 558
895 84 26 388
438 689 191 943
173 756 905 901
186 692 362 381
774 150 656 366
378 483 770 156
860 916 804 576
302 732 930 364
704 166 759 464
433 230 426 2
288 397 721 318
308 943 10 790
321 733 546 111
227 425 972 319
800 394 510 169
510 128 337 342
486 538 136 612
333 363 676 302
875 849 509 301
330 944 604 432
581 550 768 228
500 776 239 987
191 700 685 562
130 911 196 472
986 948 516 815
710 840 908 917
153 118 553 824
129 39 315 557
285 285 35 510
564 44 244 480
388 228 370 630
887 563 5 84
656 400 821 963
504 416 27 425
690 825 92 647
896 293 567 786
4 554 493 348
371 625 806 50
917 575 600 412
714 77 871 705
252 323 594 600
781 432 596 572
351 199 702 886
221 882 62 578
391 710 411 504
852 13 222 166
14 158 396 210
430 978 162 159
694 7 314 934
749 646 799 184
439 313 912 826
