50
5 10
0 3
3 6
3 7
3 8
7 10
2 6
1 5
5 6
3 100
0 200
150 100
150 200
1 10
0 10
1 9
9 0
1 10
9 0
1 10
900 1000000000
2 100
0 90
0 100
2 100
90 0
100 0
2 100
90 0
100 90
2 1000000000
0 1000
1000000000 1000
3 4
0 1
1 2
2 0
29 103215770
812591924 871409042
94274689 103215770
29527812 353852557
848551429 353852557
762538179 11441169
298350778 415611565
503098202 509801895
415611565 264915312
848551429 871409042
11441169 180210841
325102977 0
478452170 29527812
270849314 503098202
509801895 285249761
0 504111082
809471672 103215770
264915312 581299383
809471672 501478894
727032105 478452170
285249761 353852557
727032105 478452170
158303822 11441169
353472735 298350778
809471672 270849314
187458707 478452170
848551429 267290831
270849314 812591924
325275187 51835400
365571637 478452170
12 137546332
114705113 870391764
821717433 114705113
698212642 698212642
821717433 821717433
680888076 137546332
0 733478259
563761576 698212642
870391764 114705113
114705113 642649994
733478259 831443393
733478259 513532034
137546332 381946976
38 370750213
392134645 520561
128869454 89500332
111259675 160078897
409769648 500158920
392134645 241034974
128869454 576634049
388632586 976879242
290980109 392134645
544036818 398779057
128869454 388632586
241034974 136756608
26937960 305007893
409769648 290980109
659592821 987605345
802969400 520561
544036818 388632586
420877173 494942264
89500332 396558659
787501051 0
128869454 111259675
494942264 409769648
0 420877173
396558659 305007893
639225299 494942264
396558659 494942264
987605345 482438657
396558659 38186911
852476812 305007893
290980109 242528952
992663534 852476812
0 111259675
576634049 398779057
305007893 580128433
494942264 199266788
252456610 976879242
482438657 802969400
409769648 494942264
160078897 26937960
49 563563099
518856097 957162338
243420891 817828732
189578851 636464470
90571623 121026768
232885312 17384545
296822373 305108407
243420891 336582198
324372615 898297088
232885312 957162338
266787257 926480929
248960782 636464470
636464470 836077793
331409212 721930330
806280990 745770424
363027058 817828732
17384545 817828732
405276415 32395200
806280990 266787257
679751957 266787257
232885312 243420891
336582198 493045270
721930330 721930330
726618133 121026768
493045270 202805428
189578851 593518828
518856097 957162338
324372615 531358881
51685953 881173139
593518828 296822373
51685953 245077545
726618133 202805428
817828732 726618133
324372615 801049530
331409212 336923305
974121880 721930330
336923305 817828732
32395200 79770509
817828732 181795609
296822373 926480929
817828732 957162338
181795609 0
941003197 817828732
182181799 479029658
90571623 817828732
324372615 339692065
908926843 926480929
745770424 17384545
721930330 531358881
679751957 721930330
3 650917965
173771976 650917965
650917965 30148531
0 30148531
17 530850592
127441247 618597889
509510533 618597889
604236223 747451269
509510533 604236223
127441247 618597889
492813152 948498937
747451269 948498937
108467606 0
530850592 618597889
775324748 389148605
618597889 108467606
127441247 290470825
492813152 127441247
167110762 476572340
530850592 108467606
775324748 389148605
618597889 747451269
42 578646532
239747233 577435922
628198835 956415327
963890218 405394075
263888463 984560475
628198835 539752565
577435922 353234160
618298631 694742653
265460233 19446237
559495051 442655225
239747233 341717350
723516199 405394075
723516199 174479925
628198835 694742653
174479925 690474870
623405776 353177401
723327046 618298631
405394075 541044823
285018476 478887804
478887804 263888463
769884874 472651205
832997415 578646532
723327046 963890218
723516199 694742653
769884874 0
0 265460233
769884874 723327046
541044823 652873576
828595772 0
963890218 927967922
341717350 927967922
618298631 927967922
353177401 828595772
769884874 174479925
828595772 239747233
769884874 547941703
472651205 578646532
558143791 0
984560475 302855475
974116612 386035864
769884874 956415327
559495051 547941703
694742653 353177401
19 802573628
457915432 663477465
132804336 536675212
277676196 289057917
644306968 743535512
0 151952448
816736817 277676196
258244382 277676196
277676196 984144202
132804336 644306968
938459343 144219107
289057917 754867266
457915432 536675212
743535512 536675212
984144202 757284006
644306968 644306968
289057917 258244382
754867266 802573628
644306968 802573628
703289786 757284006
94 599360123
794838469 104839554
648669437 483153814
689221902 99306543
545721903 727930310
678840852 205016488
946572710 588388025
689103903 56191654
417396863 421765507
0 123756547
675350393 721353988
652018442 733106076
427985078 489482551
483153814 678840852
346867778 572001898
653488844 505038776
885712784 685391698
370841880 260995455
208037387 267375942
794838469 627231320
686599462 143421545
214319686 773432143
99306543 588388025
885712784 727930310
773432143 281109369
153940143 205016488
104839554 860659550
16230213 99730889
627231320 505038776
208037387 931801408
525819038 86645552
86645552 83402523
355183944 525819038
689221902 422880498
845596683 626653707
99306543 201570147
946572710 976333227
281109369 346867778
295321864 227093496
931801408 653488844
16230213 411676608
214319686 931801408
460181742 108972476
931801408 860659550
342924664 120267986
792323821 689103903
279701316 931801408
511230935 885712784
99000742 260995455
675350393 153940143
208037387 791113454
553272527 588388025
260995455 140055849
460181742 108972476
721353988 585095815
689103903 675350393
733106076 153940143
284217675 97480132
460181742 427985078
686599462 738598740
585095815 227093496
685391698 460181742
727930310 957643371
845596683 675350393
417396863 791113454
417396863 87458532
976195688 718600090
411676608 417396863
260995455 685391698
686599462 56191654
594755320 411676608
685391698 11884957
86645552 656474876
679745397 838598832
120267986 417396863
83402523 16230213
370841880 300337912
300337912 281109369
679745397 686599462
201570147 417396863
626653707 35115943
679745397 946572710
189623640 627231320
689103903 679745397
189623640 35115943
733106076 309684396
608677106 87458532
534663545 511230935
342924664 21058624
309684396 931801408
773432143 518566754
808401952 123756547
274552597 525819038
652018442 483153814
732193206 104839554
22 285223616
539334426 291482778
285223616 677330637
529117031 269474656
599350432 100162398
565415252 66906233
291482778 599350432
166517036 942803596
632185894 232423761
66906233 600941084
215724555 285223616
166517036 291482778
269474656 285223616
468506164 0
232423761 600941084
413983798 413983798
297714220 942803596
243696401 599350432
0 565415252
726423612 413983798
330933959 166517036
0 413983798
291482778 243696401
42 244042812
146885472 146885472
175711002 244042812
293559507 396131315
244042812 175711002
52827538 96856844
80416988 57002719
0 850141892
365874600 94734596
52827538 949812700
899788913 123804791
568881161 246045342
365117799 221139620
217427595 246045342
365117799 396131315
217427595 165042257
313269494 339755507
313269494 842853344
10801870 300380358
31788164 313269494
176092363 10801870
293559507 365117799
850141892 96856844
175711002 57002719
176092363 94734596
878587120 899788913
34571495 293559507
568881161 244042812
365117799 298437203
244042812 154225880
463272081 501302723
894269332 850141892
536051616 878587120
246045342 47366764
463807908 94734596
386625806 920840869
10801870 175711002
246045342 365874600
217427595 175711002
463272081 146885472
850141892 80416988
568881161 175711002
146885472 878587120
15 997627459
823073600 392288657
92765107 92765107
721170971 607529910
968113035 522904887
680783836 680783836
968113035 680783836
392288657 743582602
997627459 721170971
522904887 392288657
692166214 680783836
347907611 42619012
692166214 607529910
680783836 692166214
721170971 607529910
213232152 721170971
90 816113356
881991333 647702277
505947457 234286586
89059206 295483157
783756591 933509545
528268372 429464871
297754186 717584446
297754186 429464871
259777564 783756591
866243518 352571539
20034239 230739983
696904114 933509545
513324154 330589292
569828671 164861953
477123733 636860606
513324154 866243518
378050243 907065528
772762209 783756591
284054427 647702277
899300362 130363185
148688978 925561074
277689672 274455638
295483157 22870391
362440166 717584446
953603795 791803570
233392381 739396613
99000262 558026725
505947457 647702277
499197384 872992507
347973656 774333358
277689672 234286586
299750942 884893232
911075071 881991333
499197384 717584446
378050243 872992507
671145809 881991333
844393031 783756591
812855150 772762209
369292229 149023254
636860606 411555338
816113356 477123733
471327684 671145809
816113356 812855150
872992507 164861953
784528409 163991981
164861953 675012299
558026725 647702277
872992507 60699003
20034239 274455638
743733448 636860606
681080107 274455638
17821108 867884597
426747799 447517730
369292229 277689672
411555338 347437247
772762209 22870391
0 351929739
347437247 846503677
933509545 394541492
535151913 960290589
347973656 70889651
894892045 957879635
149023254 867884597
20034239 894892045
783756591 791803570
295483157 569828671
884893232 774333358
378050243 447517730
274455638 299750942
866243518 411555338
394541492 17821108
722949749 729775109
148688978 881991333
649690556 866243518
528268372 636860606
477123733 569828671
330589292 70889651
463757517 671145809
31557897 60699003
447517730 233392381
259777564 987833936
558026725 624490392
675012299 899300362
130363185 816113356
960290589 636860606
299750942 846503677
898663072 729775109
924102359 933509545
569828671 277689672
671145809 907065528
99000262 957879635
53 195209306
575968217 558003499
794807529 575968217
480541242 599709806
712194457 739516599
691313107 480541242
479341388 995324707
322186981 471075668
599709806 195209306
693715808 453675862
251303390 197896116
54763998 739516599
712194457 821207146
195209306 48431546
739516599 598908662
299633227 0
672444413 195209306
471075668 453675862
48431546 322186981
339440446 873384099
599709806 742508654
599709806 797934505
845962525 903633038
251303390 503637347
798325883 453675862
54763998 672444413
400831660 703460162
703460162 26809424
598908662 613337523
276083498 1058140
479341388 712194457
558003499 901166177
460024379 558003499
798325883 794807529
739516599 54763998
324764498 324764498
48431546 479341388
821207146 797934505
251547811 0
869491718 712194457
742508654 197896116
625551245 54763998
251303390 1058140
321575964 693715808
821207146 251303390
903633038 901166177
920738870 912512372
599709806 742508654
625551245 471075668
869491718 687004098
794807529 426313913
584686868 486594982
798325883 480541242
426313913 995324707
38 41062201
693461038 278479776
693461038 216924215
209724455 718375318
747994811 529833517
529264959 492071213
628314006 529264959
620928812 596241286
734160309 216193629
796382323 628314006
43879710 628314006
596241286 619150222
900153950 620928812
467102770 492071213
43879710 386860360
529833517 7305155
567435008 567435008
864632875 520441235
216193629 262892773
777346676 392936907
41062201 216193629
693461038 596241286
527170154 529833517
386860360 0
669436449 619150222
492071213 527170154
529833517 596241286
264579884 386860360
520441235 392936907
438128371 204511652
932033885 41062201
646907388 932033885
262892773 280530536
596241286 520441235
598265469 280530536
737558540 527170154
677630440 620928812
628196943 900153950
262892773 43879710
58 501756430
501756430 542405432
240472079 22610606
765204300 147574775
598487699 198442052
250854244 273007985
65532743 562676729
517731116 100933220
101231217 503312095
960838387 990432934
954910718 650550402
404882999 503312095
981267547 896787644
198442052 100933220
250854244 392395057
503312095 404882999
380636731 645469703
990432934 15881116
542405432 429026210
22610606 645469703
719339306 990432934
22610606 634965827
765204300 175959266
250854244 22610606
634965827 896787644
0 16339913
279585735 46185501
144188826 429026210
311992300 16339913
833961408 503312095
279585735 404882999
119195807 250854244
22610606 119195807
960838387 60125745
273007985 931197578
101231217 792327319
974615919 175959266
39741144 598487699
281951766 931197578
960838387 429026210
236403368 100933220
846466065 33897288
931197578 503312095
279585735 380636731
990432934 981267547
71015276 896787644
763674650 46185501
542405432 974615919
147574775 763674650
981267547 960838387
50906375 147574775
144188826 834166108
598487699 931197578
273007985 384096834
634965827 198442052
751305173 250854244
100933220 562676729
765204300 981267547
236403368 144188826
14 520952150
683257224 229472372
229472372 908537821
683257224 563882814
848736123 904747981
984572472 520952150
974972029 520952150
229472372 563882814
374441740 229472372
904747981 984572472
683257224 0
974972029 974972029
374441740 984572472
904747981 374441740
872241054 259043973
73 66157513
537774543 957327498
538982455 8036815
550810059 965223704
117885867 839306321
146640946 393294493
69050121 839735397
628388493 869308188
116683647 978758593
497203461 829731903
66157513 66157513
361677867 986502720
143487631 927303819
684173348 842302467
392036742 471271910
443135252 361677867
805825222 294246534
550810059 808374178
301014192 146640946
727194503 473914972
783588041 825479623
550810059 172808846
524324823 910867974
8036815 736246217
957327498 252701684
294246534 899091699
927303819 829731903
117885867 471271910
471271910 117885867
139480482 471271910
842302467 655077740
162961969 443135252
854540032 674730975
656327033 537774543
839735397 172808846
958772741 66157513
842302467 117885867
986502720 958772741
957887718 783588041
829731903 393294493
117885867 656327033
674730975 443135252
848707802 957887718
392036742 645403297
655077740 957887718
861783376 109710290
967779623 393294493
64091957 783588041
162961969 392036742
537774543 393294493
848707802 129368155
561173631 473914972
194602940 64091957
194602940 978758593
361677867 920238457
727194503 839735397
927303819 958772741
957887718 524324823
899091699 585446907
172808846 116683647
967779623 656327033
656327033 471271910
66157513 684173348
727194503 927303819
361677867 172808846
243756759 775486980
172808846 0
390411227 441206493
839306321 116683647
139480482 783588041
849954975 116683647
645403297 846431515
537774543 252701684
825479623 967779623
20 356460456
274149549 0
946495192 331296390
989809720 767134627
331296390 331296390
501316254 243257691
331296390 331296390
0 274149549
918682872 401655414
501316254 677232550
989809720 23263452
628127088 677232550
385933669 274149549
989809720 23263452
375208924 918682872
466942695 274149549
331296390 26495261
767134627 385933669
466942695 12671472
29345957 23263452
29345957 663999445
20 979569047
353692340 493281125
161537899 493281125
324486362 699888667
699888667 918768729
146932774 0
753246681 675170964
753246681 324486362
823077038 21355416
823077038 493281125
52916161 918768729
21355416 122509084
353692340 339342185
699888667 173814095
353692340 755627274
146932774 373014001
874692236 353692340
874692236 671322948
753246681 0
353692340 755627274
699888667 699888667
20 988944395
247363583 518648614
247363583 590910326
988944395 948442359
590910326 287263981
658867592 383411746
506429440 287263981
715659798 51807169
305473846 948442359
287263981 693633916
988944395 948442359
287263981 383411746
332821451 555319294
555319294 410400661
51807169 247363583
418767190 410400661
693633916 590910326
948442359 693633916
174170597 174170597
332821451 418767190
287263981 506429440
94 642621122
884750665 146900746
467831670 817815438
976262799 780623436
848612021 327401653
882475735 154604967
206008687 255722339
445118503 111608333
748970888 441892162
146900746 467831670
245501571 37927733
8393654 563044029
719793990 563044029
281172252 75703006
639423332 699869637
426981898 477458586
230129244 969328760
477458586 145650774
255722339 577643986
142689608 619164056
111608333 71672533
639423332 772862140
892409234 981735686
976262799 33829679
37927733 26037467
795791732 287473815
8393654 772862140
246220188 8393654
206008687 748970888
817815438 57341726
482782435 693851560
980683935 467831670
507028961 772862140
962048667 16463804
75703006 940110929
10133359 37927733
969328760 396599140
5219761 482782435
851059630 980683935
981735686 85379880
817815438 5219761
146900746 0
962048667 642621122
85379880 924446221
257517963 307290847
642621122 940500164
185600341 142734515
145650774 892409234
8393654 246220188
80078535 257517963
167307038 307290847
392121952 848966834
16463804 453605045
863965202 748970888
33829679 392121952
441892162 540289777
246220188 659134616
37927733 642621122
75703006 185600341
10133359 704668381
563044029 324839331
441892162 556613025
140218368 471874836
255722339 924446221
257517963 225644582
467831670 780623436
154604967 576786695
392121952 794242702
245501571 185600341
772862140 482782435
884750665 507028961
682722567 507028961
962048667 8393654
972930561 482782435
145650774 5219761
257517963 619164056
795791732 976262799
154604967 639423332
26037467 396599140
556613025 535703539
142734515 966940969
85379880 577643986
587215282 848966834
154604967 413005841
85379880 577643986
682722567 540289777
884750665 540289777
642621122 57341726
257517963 206008687
26037467 981735686
515620775 863965202
336490342 795791732
68503901 955645381
619164056 467831670
71672533 287473815
90 236813604
742568215 212813889
794205998 885794933
106279021 79868832
959579271 370701436
306256169 400508289
335319383 204168341
306256169 783037778
547386957 771270574
423060066 370701436
106279021 400508289
526694824 397412911
212813889 848788777
735349702 47848592
397412911 621615279
370701436 355234665
838786446 401936097
361195676 252472554
621615279 980081356
345692587 511065201
901801295 260620120
381530449 0
381530449 453941243
236813604 901801295
395998015 902812179
581887889 220885190
345692587 176121318
381530449 266831061
617083424 143505902
978009598 976913548
893556360 952973308
244645588 667866972
823077752 262777246
794205998 306256169
423060066 2408877
370701436 167877945
306256169 212813889
32696778 824097544
839771203 372361305
196633385 203091128
838786446 236813604
218685531 617083424
547386957 395998015
143505902 423060066
838786446 386008385
370701436 701445663
621615279 381530449
395998015 959579271
438806802 511065201
817753803 980081356
662673630 613942072
838786446 355234665
266831061 453941243
335319383 203091128
952973308 503643046
0 630379233
808181339 848788777
580227690 387363465
581887889 0
613942072 735349702
859045237 176121318
569126576 218685531
824643396 423060066
401936097 423060066
220885190 511065201
0 345692587
210680932 387363465
915694602 511065201
621615279 306256169
387363465 236813604
978009598 47848592
401936097 893556360
885794933 569126576
372361305 838786446
2408877 824643396
149744403 203091128
701445663 92722281
511065201 817753803
2408877 273480469
511065201 808181339
526694824 893556360
701445663 838786446
547386957 236813604
652621884 252472554
667866972 401936097
667866972 848788777
267392318 54990445
976913548 0
212813889 54990445
915694602 79868832
395998015 839814735
92 890510353
61799763 468412701
414335521 179609062
872858549 522518949
863244055 815943976
370415958 637966092
503540713 61799763
0 540241487
15320376 590397316
336364593 595026055
562497942 61926303
17172903 14493600
562497942 171237432
413973610 344814384
738917123 562497942
61926303 899802254
328632714 203693011
443805317 17172903
815943976 825674794
687150697 645854430
9058016 962535935
362975307 61926303
414335521 873683665
538937505 468412701
590397316 814607372
645854430 634070553
710095461 507123944
95547658 595026055
840183982 547638767
342113908 507123944
609033228 825674794
195672750 562497942
687670751 134346830
0 634070553
15320376 540241487
621904549 540355118
511999356 710095461
203693011 134346830
14493600 890510353
589803612 738917123
15320376 603510107
370415958 239890299
962535935 815943976
709571949 134346830
603072980 95547658
875376528 637966092
875376528 215566124
840183982 734661361
621904549 0
128705359 863244055
872858549 377225037
772645280 138499767
73028041 626472607
414335521 336364593
21784576 710095461
709571949 212020371
726555071 738917123
21784576 362975307
342113908 336364593
814607372 362975307
603072980 687670751
377225037 710095461
203693011 203693011
470782596 215566124
562497942 307338723
331536200 607814463
370415958 215566124
595026055 243057168
709571949 734661361
19504217 815943976
26627842 128705359
507123944 26627842
873206502 394279677
678621550 890510353
621904549 171237432
506007176 738917123
873683665 726656544
772645280 394279677
61926303 295628616
0 243057168
994018936 362975307
977646090 443805317
414335521 46788694
414335521 470782596
17172903 687670751
15320376 994018936
332696585 506117948
19504217 307338723
899802254 337847531
958049837 687150697
506117948 331536200
814607372 958049837
362975307 710095461
73 53612805
998367857 860786034
208169697 26612968
948419514 609513525
23857309 381482822
51108899 59450473
609513525 484066154
286039081 322146472
407678228 641628521
923814164 306927586
31328665 381482822
237188263 948419514
815679814 988903175
121284929 122668895
333343260 48873036
895940032 31328665
301375342 51108899
322146472 224974367
746658664 322146472
53612805 609513525
923814164 40044394
208169697 48873036
0 998794021
467941158 78140386
860786034 142250091
970602601 746658664
348378312 998794021
121284929 348378312
333343260 947764356
641628521 148339386
780088192 738311395
970602601 369091441
224974367 122668895
115235819 51108899
895440 348378312
196070450 923814164
52658636 322146472
948419514 142250091
947764356 852146775
931391611 333343260
122668895 206647768
780088192 609513525
183310680 998794021
59450473 78140386
237188263 645229521
51108899 31328665
645229521 381482822
51108899 935096060
373906325 985049694
860786034 970602601
931391611 384939240
183310680 746658664
970602601 815679814
815679814 916704212
812112378 923814164
988903175 399841210
306927586 895440
895440 51108899
461451301 196070450
738311395 609513525
305558419 970602601
998367857 26612968
746658664 948419514
998794021 637215901
129770063 935096060
746658664 28856531
224974367 165057916
484066154 742330881
322146472 815679814
348378312 51108899
31328665 895440
462091373 407678228
122668895 224974367
305558419 78996083
59 165034013
165034013 361236568
34886174 336503906
117913781 774636894
713382213 73010240
144297306 480941630
918013370 207219121
354358209 195948578
996599532 664981826
480941630 713382213
354358209 570117284
145238520 735106119
918013370 971963800
418796135 421676926
909112978 735106119
748596522 165034013
570117284 984014860
747381064 165034013
935764795 474047888
27743690 308204116
474047888 144297306
144297306 996599532
207219121 474047888
336503906 364931720
909112978 996599532
939025208 909112978
34886174 747381064
354358209 873940474
996599532 748596522
736752072 66158577
718374235 996599532
66158577 136436065
752136990 34886174
890883647 114629201
418796135 354358209
116640556 361236568
971963800 909112978
636348797 109085422
480941630 500581626
636348797 713382213
336503906 261032921
735106119 747381064
114629201 712109340
780961696 755811381
939025208 781217505
939025208 938099133
195948578 109085422
264885480 165034013
918013370 195948578
74618690 207219121
331805697 480941630
968926482 364931720
500581626 251322743
933838435 145238520
755811381 271844805
933838435 774636894
996599532 735106119
713382213 515188474
939025208 933838435
308204116 361236568
3 459207954
366238357 366238357
366238357 459207954
459207954 366238357
92 443863524
86626007 760603945
679263310 762181157
277400135 924635751
254248329 41323112
922756933 307942510
379443978 318604000
443863524 510398933
146070120 207743029
447623020 475486952
146070120 7185481
739103597 936326840
855380005 0
762181157 797660625
199892418 384099110
455457094 520694379
998702886 996388810
398607576 520694379
5116024 384099110
972018608 398607576
149767202 254248329
908788389 877314840
7185481 861604570
695596907 961292824
981089376 7185481
547867528 825638247
483105967 318604000
204174670 250100904
306412206 998702886
20792056 77416957
964113542 739103597
212950417 505175877
617847162 651635674
307942510 41323112
5116024 447623020
146070120 0
617847162 964113542
981089376 520694379
541428242 444946762
379443978 90171479
447623020 300970380
855380005 11476288
212950417 20792056
306412206 981089376
996388810 277400135
250100904 11148319
762181157 335154921
149767202 673597974
789166301 497710254
861604570 510398933
277400135 743327531
86303902 86303902
497710254 651635674
212950417 77416957
802402262 497710254
739103597 732697480
277400135 219106493
0 178316949
972018608 90283479
155281941 520694379
300970380 0
24288765 861604570
505175877 739103597
307942510 877314840
679263310 149767202
178316949 679263310
483105967 755038903
510398933 20792056
702477842 541428242
178316949 11148319
300970380 218293495
425771472 922756933
300970380 617847162
825638247 149767202
384099110 398607576
425771472 778215114
300970380 20792056
5116024 335154921
254248329 520694379
505489079 348151033
277400135 8894122
307942510 759491372
673597974 483105967
7185481 981089376
254248329 972018608
755038903 204174670
391807548 802402262
964113542 8894122
348151033 670275307
41323112 384099110
199892418 924635751
86303902 497710254
8894122 961292824
61 190873159
493284690 921159176
798691360 90928550
747502133 843760667
862211302 419575311
757552967 90928550
182370599 68335523
747502133 478475113
182370599 764129557
738642261 649696275
744394779 660569930
616963605 68335523
843760667 196353890
889315502 829417668
756029432 190873159
90928550 190873159
764129557 489907025
419575311 715521016
325593552 843760667
653437147 796946297
652122534 493284690
862211302 489907025
767700857 678855570
182370599 493284690
649696275 64299088
982008894 675765434
738642261 591437693
259023375 489907025
767700857 999362805
744394779 16226487
764129557 764129557
845307180 755243465
478475113 478475113
694085703 998660214
757552967 715521016
715521016 167033825
513836750 738642261
649696275 989757459
755243465 757552967
757552967 185361441
253595751 652122534
999362805 738642261
952310422 715521016
16226487 756029432
889315502 50030322
91400036 767700857
0 845307180
68335523 998660214
757552967 90928550
182370599 649696275
631397280 419575311
182370599 798691360
151741488 755243465
151741488 843760667
999362805 259023375
694085703 982008894
50030322 151741488
738642261 50030322
615129313 373903809
843760667 767700857
493284690 998660214
755243465 373903809
18 160820341
296654642 55763476
282780950 160820341
325272250 507597525
264688717 0
761283426 789444771
265170746 372337397
0 296654642
631159287 454554695
282780950 454554695
588857123 643615889
588857123 454554695
0 160820341
841448994 454554695
507597525 160820341
643615889 761283426
454554695 627906160
102229124 296654642
102229124 643615889
45 17663429
379496784 82677749
379496784 343745106
489197529 116883584
858696235 858696235
387466237 568194388
493523685 509789565
287730172 29893698
470301190 871261507
17663429 258970312
998781032 712673778
0 871261507
287730172 288319453
926845093 224715915
319090331 878524158
319090331 348941593
153668665 470301190
676564760 858696235
871261507 0
153668665 353433060
98610061 932888061
387466237 998781032
858696235 509789565
153668665 0
851430237 489197529
509789565 668763157
348941593 470301190
311331020 116883584
258970312 82677749
932888061 353910925
224715915 732050043
851430237 732050043
7671768 514577574
493523685 668763157
36371493 420310718
514577574 489197529
29893698 732050043
851430237 224715915
470301190 871261507
258970312 799733982
379496784 509789565
116883584 311331020
17663429 353910925
851430237 0
369325110 314061123
732050043 799733982
18 652611084
652611084 500950191
93473858 454165246
93473858 500950191
454165246 686036851
236768920 812080273
994525592 273469069
365409911 172166009
994525592 0
662407308 652611084
190645335 500950191
652611084 218669395
190645335 686036851
454165246 172166009
812080273 454165246
93473858 500950191
532643695 365409911
93473858 662407308
532643695 500950191
78 591908977
860604492 395406906
634056130 3144486
868502466 911957767
300466293 844818021
108236838 429616531
185512342 145037991
843606969 429616531
616544589 687370730
205931326 703247324
860604492 647625726
221748701 316478058
402591844 36655148
964340071 450754509
781118976 778403874
501448382 750518157
290852184 0
964340071 396891434
415931099 450754509
100733742 429616531
543436801 844818021
546822929 971083122
108236838 844818021
127996692 737291966
435299404 647625726
957916783 100733742
803695556 290852184
964340071 964340071
954901301 778403874
959888221 103567169
300466293 316478058
337574595 959888221
703247324 429616531
634056130 564581555
495606699 415931099
205931326 871975013
300466293 379350905
722230099 687370730
703247324 542592823
781118976 520698980
628994554 703247324
145923305 290852184
177606154 300466293
245249837 737291966
957999698 717433556
786817145 466958185
750518157 495606699
974597938 954901301
579905099 395406906
595344735 560314851
3144486 591955293
634056130 560314851
206333538 206333538
687370730 205931326
379350905 579905099
461618015 579905099
395406906 290852184
139730260 786817145
778403874 773143454
127996692 220238376
113994080 221748701
479095174 461689268
113994080 0
3144486 843606969
6618445 36655148
911957767 520698980
733069892 429616531
926359417 971083122
205931326 395406906
546822929 844818021
542592823 733069892
843606969 781118976
733069892 564581555
546822929 954901301
634056130 205931326
844818021 644623622
127996692 843606969
450754509 687370730
337574595 461618015
70 527315042
752680198 527315042
861315908 752680198
424023036 150669896
291664741 240779961
386572805 943629387
527315042 240779961
386572805 481180269
386572805 427500839
861315908 361736688
666197069 232570500
972420981 91021789
66688009 74173655
804121621 104869455
111565711 648927170
955710294 161559035
821637788 663806674
990375742 334805429
527315042 626268562
648927170 990375742
424023036 0
621222771 821637788
570627614 424023036
574914083 306454879
667194209 570627614
758490834 574914083
0 635443144
372169616 865299184
652518842 427500839
574914083 420199101
420199101 475194176
910823183 475194176
916993282 440226716
804121621 758490834
475194176 424023036
183547330 99392030
527315042 624592248
794322341 821637788
566386336 99392030
910942599 306454879
807107780 40681067
420199101 481180269
290931868 624592248
334805429 794322341
648927170 86883208
40681067 91021789
334805429 306454879
865299184 225288640
78476191 66688009
861315908 624592248
86883208 481180269
663806674 427500839
330733396 865299184
280576079 372169616
240779961 758490834
291664741 240779961
475194176 752680198
943629387 943629387
330733396 0
159986578 445590861
372169616 883773820
870191420 216756654
148003242 943629387
330733396 256739281
330733396 395431699
481180269 306454879
78476191 752680198
306454879 570627614
750903942 574914083
183547330 263958255
445590861 527315042
82 72530060
168563567 57922719
190995880 625519657
978508215 563748947
442621923 919619650
129169857 48004267
435824449 247882243
0 184417747
516258550 760166277
901570736 925866790
462477560 920451197
978508215 247882243
525062757 596219535
129169857 185212966
304237980 380821598
340139726 380821598
397140195 54016419
238149780 360412550
752345462 100768450
184417747 360412550
752345462 397750706
28005384 304237980
955581435 57922719
135386247 641419026
407233471 890075636
435824449 462477560
191290270 48004267
380821598 641419026
184417747 920451197
636897975 752345462
547625067 411920822
191290270 69560029
656312001 191290270
380821598 794802862
103911011 778612454
330079578 383826022
919619650 227138087
191290270 525062757
890075636 184417747
435824449 794802862
184417747 135386247
504195594 728548831
72530060 72530060
563748947 978508215
842583437 388018362
61679734 567676567
596219535 914018097
596219535 360412550
261927189 760166277
901570736 240714054
28005384 48004267
499044812 277034474
190995880 752345462
516258550 842583437
57050896 628636247
238884 636897975
324028839 330079578
135386247 0
238149780 843283107
448169208 448169208
397140195 919619650
978508215 57050896
925866790 625519657
380821598 435824449
72530060 35009704
448397474 103911011
920451197 843283107
247882243 191290270
567676567 100768450
643821683 103911011
238149780 48256356
0 0
397140195 184417747
901570736 388018362
728548831 465883973
625519657 740332951
895616429 238884
895616429 303199282
504195594 238884
920451197 57922719
490827815 330079578
360412550 100768450
628636247 54016419
91 462769574
514040551 550724908
726835042 76681249
272742810 399282117
316541668 185420361
302220347 294902117
550724908 586308737
615493458 976696532
462769574 272742810
514040551 288649171
525211262 708074810
365073803 288649171
399282117 376360578
500779176 652710606
207192950 365073803
700142500 807765154
107095325 182147790
550724908 185420361
708959412 671797054
807765154 641474906
885089372 708074810
610404583 185420361
376360578 801597978
60798544 40243797
60798544 848796558
107095325 663603626
40243797 661090384
365073803 314598804
107095325 462769574
426903715 779260660
288649171 726835042
976696532 525211262
807765154 708074810
399282117 207192950
671797054 635146504
513297952 579923898
993482932 700142500
615493458 147326303
700142500 894390107
552066629 360212278
795839155 8443322
586308737 334014761
212386664 248413626
372376593 318262917
365073803 76681249
949825632 514040551
316541668 652710606
872707558 586308737
879009707 976696532
252999812 100649778
302220347 272742810
410996600 294902117
242424699 514040551
360212278 318262917
960535537 106391056
169695551 426903715
708074810 586308737
704694445 471077020
248413626 863587186
443956030 661090384
708074810 704694445
392843159 550724908
319376973 294902117
586308737 0
502647717 100649778
107095325 514040551
615493458 392843159
426903715 704694445
60798544 443956030
726835042 886748255
365073803 801597978
316541668 550724908
147326303 443956030
636098196 615493458
412988845 960535537
316541668 573731699
378798458 5780779
106391056 212386664
319376973 976696532
60798544 345851776
513297952 90135366
207192950 76681249
365073803 636098196
147326303 252999812
808868944 839848936
671797054 708959412
182147790 949825632
215637705 272742810
795839155 8443322
314598804 857199893
443956030 399282117
976696532 40243797
58 841900620
624045551 796166984
943310873 397788317
99152720 667675789
995270851 193637086
796166984 943310873
148334930 845400936
933146330 703167277
104599026 624045551
856644273 685107596
685107596 883184506
253237094 685107596
267343618 856644273
851187676 288825640
568822453 95401359
723507123 288825640
995270851 397788317
667675789 717997456
163708035 148334930
883184506 964209468
569633833 99152720
624045551 707143097
452349929 870203676
99152720 619803476
964209468 22187016
104599026 0
592715248 323971288
253237094 883184506
597568357 685107596
569633833 960812921
685107596 281280704
464564673 685537535
667675789 240733405
730217240 933146330
0 607934330
323971288 896822982
717997456 151875338
945565947 452349929
703167277 452349929
730217240 831925379
945565947 883184506
933146330 615739171
148334930 995270851
964209468 104599026
541240230 615739171
321250393 148334930
685107596 452349929
615739171 943310873
397788317 323971288
796166984 723507123
541240230 896822982
193637086 933146330
696800711 841900620
541240230 667675789
845400936 163708035
883184506 717997456
933146330 945565947
809553228 321250393
198720081 464564673
67 644461846
308448358 692644326
365371421 644461846
365371421 703598467
693581480 118654184
703903497 237432123
299074509 649638495
314039027 59351977
237432123 243095837
743757732 713474065
709114911 613815534
308448358 693581480
99727232 240515642
847338981 193037097
709114911 713474065
948284010 525291993
531355057 948284010
709114911 443153256
573723134 299074509
487543769 589152443
193037097 713474065
136328772 653736984
380237670 443153256
847338981 393248218
487543769 907828437
427827616 151264431
525291993 693581480
709114911 59351977
678416171 613815534
136328772 314039027
355140702 193037097
692644326 365371421
774748731 613815534
774748731 740770132
49958625 693581480
503402056 401228586
369558806 653736984
365371421 369558806
573723134 401228586
140806313 445199313
360972866 59351977
118654184 297465887
539143441 445199313
649638495 416497048
678416171 136328772
478997386 539143441
469308914 136328772
971014612 531355057
638333573 314039027
118654184 0
524418377 243095837
478997386 288089682
524418377 582712020
743757732 49958625
582712020 469308914
889921281 524418377
644461846 299074509
847338981 644461846
329387898 644461846
99727232 847338981
365371421 692644326
649638495 416497048
573723134 962198800
365371421 299074509
678416171 299074509
151264431 774748731
308448358 649638495
59351977 703903497
