2001
641
-447
174
-630
-636
545
-687
631
-892
-689
214
895
651
-895
98
-402
940
415
-346
-427
-198
-526
544
679
-792
606
513
24
128
629
-567
-249
-799
-105
776
859
-913
987
-628
376
-217
978
-340
485
-664
618
348
695
634
-545
210
-451
-539
309
-935
-362
383
903
-635
-387
882
78
-712
-787
163
808
-160
195
764
789
115
-322
318
-555
-483
890
983
327
13
741
800
-977
365
494
-186
-319
46
290
-765
184
-714
-286
761
28
-118
822
-33
-659
956
-638
-119
-337
-625
451
314
22
898
589
242
-619
587
-82
-415
-556
566
734
275
827
685
-8
-143
66
23
906
571
-605
689
-495
-938
103
-381
-241
35
861
754
638
428
737
194
-598
794
627
681
505
668
247
-880
-272
323
746
-600
-701
-193
-240
464
-632
-633
675
-962
421
-804
339
-788
438
-724
771
-806
-570
-695
111
470
433
712
-190
-969
-315
131
-95
251
777
-855
-869
-301
-672
-501
646
308
80
378
863
-341
-878
-34
909
-210
886
216
577
-860
568
-766
-332
440
-38
-320
-246
591
-817
-470
-899
79
565
613
-150
487
-211
484
-565
-418
-100
-987
-897
21
-189
-77
191
-134
-891
-644
-253
207
726
833
99
-207
-587
-429
-847
556
-449
321
-178
743
292
-705
519
77
-179
821
-671
129
648
-578
699
261
561
774
-780
205
-838
521
810
468
-656
-44
790
-376
328
649
643
478
156
866
-426
-846
39
705
183
142
285
55
-259
-361
-342
969
911
918
537
-506
-918
645
919
-137
-372
109
-262
320
-22
963
924
-285
-489
851
-883
147
113
-582
-515
325
-115
458
-936
-229
564
-147
-842
740
-608
-719
26
-482
602
-367
472
763
417
-941
619
-453
267
724
-490
829
-572
217
-388
-859
-180
-155
723
836
578
-641
-871
-278
570
303
901
-851
134
-359
435
536
-31
-959
654
867
-11
-658
-157
-317
44
-196
676
-121
233
812
96
305
-571
100
-394
-247
-127
-711
647
-511
-72
935
-5
67
32
-98
154
876
-233
105
-761
-103
274
-153
797
995
-981
-114
694
-972
192
-516
312
885
849
-547
745
-836
289
-61
-912
929
157
784
970
-919
-699
-661
135
250
-275
950
-726
347
372
872
959
379
180
628
791
269
-789
-498
-459
-710
8
819
-457
948
892
170
933
550
-914
358
-40
442
-36
160
167
342
-462
-676
625
355
-81
263
-484
620
672
248
683
910
356
117
767
-311
-476
155
-757
380
558
-170
322
249
-821
277
-805
-502
-10
-576
-527
-653
449
10
-906
730
-433
916
76
-682
-819
202
-627
357
-428
880
-24
137
-220
-967
658
802
-833
-377
-944
659
639
835
661
680
721
562
410
-53
-703
-797
-522
-655
284
-215
102
598
-7
902
211
506
611
90
-794
-412
-733
949
637
486
-182
-378
-931
845
196
272
-677
-252
-812
599
-279
503
650
407
702
81
-809
512
-26
-268
-822
-540
697
-469
346
-786
-534
666
841
-634
747
-503
-601
-129
124
-102
-573
815
569
-830
-758
-472
-133
524
6
-583
560
579
51
406
-813
-748
718
-686
-239
-900
43
507
838
633
824
126
945
-990
-487
-670
-629
-323
-564
-729
-120
-335
-512
297
176
652
-708
436
106
-250
846
-538
-417
-853
-175
16
-481
-149
753
-106
-389
226
844
-730
691
-546
-260
-961
368
-856
553
522
809
349
682
-232
390
526
530
-79
532
455
-896
-455
443
-126
-839
704
30
-808
-9
-521
750
118
-360
431
343
773
-314
4
329
-738
-768
-231
869
-410
-369
-351
-908
-917
-606
-334
913
-949
266
92
-613
463
218
201
-205
727
145
-404
709
212
387
-781
179
-236
-850
95
972
-937
-881
-889
47
-947
-975
-292
-277
996
352
-436
538
-924
-313
739
-916
-303
-815
462
-375
848
-852
692
-984
141
3
-873
-980
871
922
-125
-2
-584
419
316
401
-580
-124
-357
-414
-994
-737
49
-130
-325
864
696
-857
224
582
373
-621
-187
232
-128
865
574
-562
-12
-528
-248
-454
459
-290
-514
245
336
588
759
690
-75
182
807
-643
-439
-764
502
-750
-800
946
252
338
877
437
-380
291
-70
-330
219
563
717
997
-752
186
-49
-238
-243
-591
693
490
-589
-523
-442
-517
-915
240
351
408
-622
444
592
554
814
515
-108
-746
706
-432
612
-318
159
493
-167
-581
-66
-111
-145
-298
-870
164
546
722
-592
-123
-37
762
-810
936
-642
161
-998
-890
-603
-973
324
371
222
-165
-614
287
-796
990
-221
-749
-747
-201
523
107
-401
-674
91
-783
152
397
-561
-131
69
-704
-884
-803
887
514
-848
-47
460
961
732
-271
42
307
-785
-471
703
258
-740
116
439
-172
778
-466
-811
-63
456
820
-350
260
140
-678
231
143
755
-626
203
403
114
-171
964
239
-845
-646
738
-958
-798
-631
-328
-660
-291
-690
-767
-904
-87
150
533
-542
856
-422
213
-920
-795
-338
-305
813
-403
423
927
-867
-557
653
-553
-295
88
952
548
-159
-505
-197
-494
-477
559
171
817
-261
-734
480
-922
-434
-652
905
41
-443
75
125
-445
173
811
491
518
221
-321
581
489
-559
122
259
540
768
-858
193
-208
-316
-202
-76
-354
765
943
-946
-409
-834
-824
670
-862
-721
804
375
-163
121
875
870
74
-78
441
253
688
-989
-770
-84
904
-772
288
262
268
-230
-965
-226
-982
921
-448
-435
-452
-754
-242
395
-312
405
-921
-423
535
-868
573
930
178
-299
-650
-368
396
-669
-266
-86
623
-663
-358
104
391
-48
799
19
498
48
-25
-569
-122
-223
223
960
-474
-536
-985
-709
912
165
-979
64
-283
580
951
700
615
68
-863
-950
567
787
939
529
-775
-893
-499
60
-50
61
-465
1000
992
-611
830
306
862
-413
981
333
-467
-1000
-784
-609
604
-164
-69
-596
831
-395
-288
-132
-214
-599
-352
457
-530
656
426
-386
-898
-365
772
828
-199
331
-513
-141
-407
-745
-720
-948
-718
9
-500
-563
850
-444
-558
-698
-901
369
686
-725
770
-932
-623
-294
-431
-879
-113
-13
852
991
-575
-256
782
-45
270
-844
733
-216
542
583
-269
-683
450
673
-684
-840
-370
-525
751
-673
834
422
-999
900
310
235
-504
-541
474
-424
-551
374
-308
920
-692
-458
2
-618
148
779
294
136
127
-952
293
-507
-492
133
36
381
-267
896
-390
818
-425
85
-520
-612
953
998
-408
-736
-951
1
254
957
-666
-255
-364
162
-828
-649
-876
674
-865
531
-324
-92
669
-57
769
934
-339
-168
984
-347
-142
238
-161
-393
967
-790
319
-52
664
-235
-209
197
-782
344
82
53
527
614
-945
541
73
-493
-254
-85
-602
-307
-597
926
-309
640
-639
-107
-911
264
788
-657
-688
-138
-65
413
-933
-1
362
-978
-88
-905
624
-371
-887
973
843
729
-957
130
334
101
-593
-617
466
517
-258
758
-450
-296
716
446
-697
932
-289
609
928
516
805
678
298
757
-176
520
234
989
891
917
188
873
-251
985
452
-60
-679
257
448
605
-192
597
-552
504
-753
299
-349
786
482
595
120
-624
944
384
386
-356
-83
-27
-194
937
-293
-406
-864
169
497
-717
-80
341
-446
572
-755
-18
941
-535
29
707
350
230
-397
-234
975
-62
-58
265
-148
-479
798
968
-560
525
-74
31
-385
-835
-488
-706
-577
139
-531
-769
52
-648
476
-227
172
-942
108
389
-373
402
229
151
780
756
209
89
847
5
617
728
-728
-6
839
-212
-104
45
976
687
-773
-993
881
-166
-820
-200
204
398
-310
185
-90
731
317
622
-615
495
158
736
367
860
12
-416
878
-802
177
-620
-460
14
353
-117
-30
742
313
508
636
883
-468
200
-956
-41
-101
370
-281
-43
33
816
555
806
-3
394
907
65
-640
-23
-763
-139
-480
714
208
425
893
271
601
-154
858
38
27
708
-691
-135
-140
-910
377
-543
-662
227
826
-336
276
414
-89
879
-55
361
199
534
393
496
-405
-731
677
965
-195
-28
15
-518
-777
-430
18
-616
576
725
-519
855
-665
-983
63
-566
-110
735
20
-383
994
908
-894
868
-533
434
925
575
-456
-421
241
-491
-964
884
-744
-184
660
-727
-94
187
710
215
301
-379
-550
-816
-73
655
479
83
-996
37
-270
840
-685
-694
-206
354
-16
796
766
453
715
608
-245
-974
166
-756
71
-713
40
955
-554
-219
801
-739
-169
552
57
-136
-280
719
-872
409
236
84
-374
-902
938
-963
-715
744
418
7
-960
123
596
-273
-144
-966
-930
977
58
642
-654
-353
-801
86
-907
295
-203
-508
-735
-464
385
416
988
255
-54
465
93
-274
-326
296
-306
-771
-382
-590
-778
-807
-939
-866
404
748
-363
-637
-300
-46
363
424
-15
-793
17
-188
144
-510
-224
-722
-441
853
-762
340
698
979
54
-4
-760
467
337
25
600
-399
300
-668
-818
34
-183
803
974
-327
657
-925
-903
557
-222
795
94
663
175
785
-112
-177
281
-588
132
551
-366
-59
-825
954
701
-440
-585
382
-91
-702
-774
-348
-970
590
-574
-204
632
-651
282
237
-116
-152
-971
-929
-976
947
110
857
359
-68
311
720
-265
630
-213
-610
607
119
149
469
-841
684
-827
793
198
-263
400
-496
586
671
62
-20
228
-355
783
-877
315
-284
-667
-509
752
-109
-478
366
971
-173
842
220
-927
-411
146
153
11
549
-287
-437
447
-595
388
-331
931
-228
499
-21
181
-647
511
547
-244
-955
-759
-882
430
-333
-497
-997
-64
332
594
473
-35
-93
993
70
-579
364
942
-886
-146
-680
-67
-19
-995
-645
-568
-191
138
-276
-837
-707
662
-532
-42
-181
206
-473
510
278
-99
889
958
626
399
899
-461
225
-743
432
-831
-225
-675
-693
-396
190
713
593
-392
-391
509
345
888
-861
610
411
87
-940
-14
304
-17
-420
-779
-297
825
-829
326
-29
-934
-875
-463
-97
-524
471
914
477
-923
488
760
543
-237
335
-398
-537
-700
445
279
635
50
-586
-56
616
966
584
-926
-384
-854
986
-776
-604
-928
283
-594
-419
-485
-162
-51
-751
-732
-742
-885
-32
0
-986
72
-486
481
302
59
-992
412
-723
360
-716
273
667
832
923
621
-874
-71
286
-218
-302
-991
112
168
-544
-400
-529
-156
244
501
483
-607
420
874
429
475
-282
585
-345
999
-988
-968
427
-909
280
-849
792
-475
962
189
-548
-344
603
781
-826
-304
-696
775
-954
492
-549
-814
-151
-329
915
749
539
894
246
97
-264
330
-39
243
-823
980
-185
-158
500
854
-257
528
392
-741
-843
665
-438
-343
644
256
-791
982
-174
56
-888
-953
-96
454
-943
-832
461
897
823
711
-681
837