100
850413154652423971 880960714475122729
888011959037205912 973915007749579617
48564847993250121 981573339913802137
411056314569457929 467412161959524283
159287943752824865 980044308030213155
680034652250847991 902517560635665609
294653860906243582 650509094568307801
325567942537673393 369200610846656112
437478869947341473 787595762145901423
69461157060432856 107073153700318033
337351238342663495 693740695868082124
706193579627468833 900135852756274066
300377020268595987 913173030314747387
139571563246381370 593323584541974202
225067066923582281 616895003625232003
98346585117957044 945624373653967338
159994616708461880 326856118979322367
566328729389118829 634420273062450445
379110281221331080 622825024731985675
730432509337440685 967367067603131004
97815899591581837 948947040812673788
163041199295837084 833832104105685457
569667429944625383 898531004303485473
870698937947544454 930982806619817068
361702207049687842 804465954640980746
196409459500092613 568564177997688894
685283125477301523 755536613492563657
163456413395318984 387930521260792163
52960300842390061 765985467520644204
574402270081758208 926845927678666704
142550170658076013 730806399725581041
64239160673895395 337645812140143798
53825914365649067 963367052693636695
946679881106837698 969505075116280225
700025855962989776 860951957429405636
180729826006922418 894245734565755561
8226929431573495 581923780169502411
516555807351395059 898243635065629589
484307027289426138 580885532015453341
257300227951214353 515526551811593615
468343428952460005 628898086371394464
35320682792763982 379655940791422717
536698835315838141 545381737584934615
192489507431863237 335045668072526589
293786834513047183 410511898097135493
552715454691254786 572604348114413741
497525688691102482 552122371856967717
90110367417327860 366187362410587829
331274456140925745 342834095627282817
489395988280966461 784713975448789804
236410403698532602 632743277824015602
97336805758704760 274417869588401084
113966907184480412 287995328232708946
288468475302551639 682090373194601198
135206938073427588 606146559645192109
287480968894923448 750456733430465040
243098637170554324 923065374259205224
832538732450725149 880284590905441692
27130716753932870 244660321327621705
289851495467493223 680775298559873709
222069988952026742 721267316644029657
53617571967878152 852271918577808379
258379979339615689 320276342918008244
779386422457408 906337436813691152
547243991164346262 658866181483050794
450195843637701651 491414658130628295
634577891110223979 942721129511277506
811411918847096885 926898358307614746
445609498086299061 512741652817442591
445093067167459801 588848715824607641
404030787661539063 993926862667791423
35555871124490861 486444103124922351
275151158216625898 392136089605781639
182169489486021428 918166307886090777
498440339354514493 650417838736638154
517144424144800293 942259627758597883
168188759405645130 524696041237063042
191203685195091664 993273606095642949
438756424409429746 531441930984539971
427496638677405605 745841244915844822
106038498743449303 907565026976250904
13688141036924709 248387921462199824
703602104726365361 931929183553843970
243487784895391932 482891996744889451
190636838532384689 731420335676764898
346903979926732649 433801804481935434
366995987034770801 884034494913787722
322423620366040515 737571624947788696
496862315955677414 891214733229276935
531745194800675317 733466039023579835
110416909999805556 732770196013703836
552543238993964693 732834336735768126
260003537852985336 435477044304610124
229320114481431560 940132829144966022
476834474164385427 565710178230956896
135792705403475756 142769376416648428
469596383275855352 565832170177985688
224034129972603006 936706365109717956
1 1000000000000000000
1 1