100
90
2 7 9
4 14 12
10 18 21
13 26 22
18 29 28
23 32 36
24 35 42
25 36 51
31 41 56
34 45 59
36 55 60
40 59 63
43 66 72
53 73 77
62 75 85
71 83 92
78 92 93
85 100 102
92 110 107
95 115 117
100 123 118
109 132 122
113 134 125
117 140 130
125 148 131
134 157 139
137 159 145
146 163 146
155 173 147
162 176 149
163 184 152
164 194 157
173 196 163
182 198 165
188 203 175
198 211 182
203 220 191
204 226 195
209 230 205
215 232 208
224 239 209
230 241 217
238 243 222
244 245 230
250 248 234
258 256 244
259 263 248
268 273 256
273 281 259
283 282 267
288 291 269
293 292 277
303 297 280
309 298 284
319 306 286
325 312 293
326 321 299
328 322 307
333 323 314
340 329 320
348 330 330
352 337 331
356 347 340
357 349 349
361 355 353
366 357 362
376 360 364
381 365 367
386 375 370
394 383 380
401 390 387
410 392 391
413 402 393
416 406 402
418 407 404
420 414 413
430 420 416
432 424 423
435 429 425
445 437 431
452 447 439
459 449 446
465 455 447
469 457 450
475 462 451
485 465 458
493 475 467
497 478 474
506 484 484
516 491 486
98
234 220 205
494 494 455
100 71 47
198 176 156
63 46 24
369 390 352
91 70 44
327 326 301
330 333 304
407 418 377
358 384 340
249 241 218
185 155 123
192 164 138
274 270 242
413 425 385
108 76 57
471 480 448
176 150 120
87 67 40
191 160 134
289 288 252
324 318 298
359 389 347
480 489 450
230 219 200
71 52 30
284 278 250
19 11 4
503 500 460
451 458 428
340 354 318
197 173 147
169 139 111
172 146 116
300 294 268
438 444 413
10 7 1
509 507 466
207 189 175
541 544 493
165 136 107
456 465 435
404 410 373
389 399 358
294 293 261
346 364 319
458 473 439
128 107 82
157 130 104
114 84 64
309 307 283
371 392 354
46 38 22
200 180 165
317 308 288
537 527 485
420 431 399
81 58 33
37 32 21
256 246 226
398 404 368
218 205 182
351 370 328
428 439 406
520 515 473
243 235 216
381 393 357
305 303 277
550 559 498
138 113 84
548 549 496
126 97 81
335 336 306
268 261 238
101 74 51
258 255 230
141 114 88
465 475 442
123 93 73
439 445 417
225 211 191
209 196 179
190 156 129
527 521 477
357 378 330
337 345 310
149 122 94
29 29 12
538 534 492
21 20 11
558 568 500
419 430 394
513 511 472
442 448 424
487 491 453
239 228 210
56 41 23
55
142 144 122
280 259 232
8 9 14
186 185 172
173 174 156
136 143 113
158 165 140
162 166 145
100 101 96
21 24 25
285 271 249
78 72 77
234 233 202
44 42 50
54 49 60
98 99 94
113 117 101
239 236 203
168 168 155
301 288 258
12 17 20
31 25 32
61 56 68
69 70 75
91 90 88
204 209 182
295 273 256
65 60 71
83 86 86
214 221 194
36 33 42
176 180 164
207 215 192
263 255 223
123 127 106
5 3 10
82 79 78
68 63 74
55 53 65
247 237 209
302 290 260
281 262 241
152 158 136
254 243 216
216 222 196
133 136 107
193 190 173
298 282 257
256 251 219
195 200 175
145 154 132
225 230 198
199 208 178
271 258 224
103 109 97
52
231 229 236
13 21 18
281 281 286
227 228 235
3 11 11
159 172 180
184 196 210
136 134 140
181 194 200
165 180 190
271 277 279
223 225 229
19 23 25
31 32 36
82 85 95
64 67 78
53 45 61
94 92 106
234 237 244
2 5 4
103 100 115
90 88 99
213 223 226
264 269 269
23 30 28
55 55 62
151 151 165
145 140 144
251 264 261
146 141 149
175 189 199
203 214 219
104 106 122
119 111 130
157 163 176
153 157 175
197 204 216
66 72 85
47 41 58
150 147 156
39 39 50
63 60 68
190 200 214
109 110 124
34 36 40
141 136 142
124 114 133
73 76 90
242 255 251
238 247 246
258 268 265
129 124 135
100
14 6 12
5 4 4
63 42 64
133 100 139
346 328 358
166 152 184
492 464 525
437 399 443
178 163 194
276 255 304
284 263 313
54 41 54
42 27 40
395 358 405
85 54 77
483 459 510
261 253 295
206 207 230
496 469 529
201 190 217
244 246 278
404 366 417
231 226 255
239 242 271
216 210 240
90 58 84
139 116 156
487 462 515
381 351 388
440 409 448
285 268 315
510 487 544
466 430 474
50 37 45
148 129 174
366 344 381
137 110 155
527 496 558
397 360 412
519 489 551
236 234 268
479 455 492
424 381 433
390 355 396
318 297 336
296 288 324
253 248 287
195 181 207
203 198 223
186 173 199
420 380 430
448 421 454
309 294 333
221 216 249
122 84 123
224 221 253
473 445 486
131 95 136
343 326 357
530 497 565
534 501 574
158 145 182
373 348 387
114 77 114
427 390 436
91 67 87
134 105 148
290 278 320
409 369 422
458 424 464
480 456 500
235 232 263
267 254 296
97 70 94
155 136 176
27 15 24
503 479 539
280 256 306
412 378 429
357 339 366
75 46 72
65 45 66
123 91 129
446 416 453
147 123 165
335 312 351
175 156 186
341 318 353
36 25 31
10 5 7
326 304 341
348 336 361
23 11 16
471 440 478
196 183 212
306 289 325
110 73 109
365 341 375
102 72 103
334 306 345
100
483 459 510
65 45 66
326 304 341
348 336 361
90 58 84
203 198 223
131 95 136
404 366 417
23 11 16
448 421 454
440 409 448
357 339 366
114 77 114
235 232 263
158 145 182
50 37 45
471 440 478
341 318 353
201 190 217
397 360 412
503 479 539
343 326 357
381 351 388
285 268 315
139 116 156
480 456 500
122 84 123
97 70 94
473 445 486
306 289 325
466 430 474
420 380 430
178 163 194
137 110 155
390 355 396
231 226 255
102 72 103
253 248 287
244 246 278
519 489 551
267 254 296
63 42 64
123 91 129
85 54 77
91 67 87
280 256 306
276 255 304
239 242 271
412 378 429
395 358 405
134 105 148
527 496 558
42 27 40
487 462 515
14 6 12
346 328 358
36 25 31
309 294 333
175 156 186
236 234 268
510 487 544
10 5 7
534 501 574
492 464 525
318 297 336
261 253 295
373 348 387
206 207 230
409 369 422
54 41 54
186 173 199
155 136 176
75 46 72
110 73 109
216 210 240
148 129 174
424 381 433
296 288 324
221 216 249
133 100 139
166 152 184
530 497 565
27 15 24
365 341 375
334 306 345
224 221 253
290 278 320
5 4 4
147 123 165
427 390 436
437 399 443
458 424 464
366 344 381
479 455 492
496 469 529
195 181 207
284 263 313
446 416 453
335 312 351
196 183 212
50
6 6 4
14 8 14
19 14 21
23 24 30
29 30 39
35 36 41
39 42 42
41 44 49
45 51 54
50 57 57
55 60 64
59 63 66
64 66 75
68 68 76
71 77 79
81 79 80
86 87 87
95 97 93
98 101 99
108 110 109
112 119 113
117 122 116
122 125 120
131 129 126
136 137 127
146 146 131
156 150 133
164 157 139
168 162 141
170 169 142
177 171 145
185 176 147
191 182 156
192 184 163
200 188 165
206 194 175
209 196 176
219 203 181
229 208 185
233 217 189
241 224 192
242 225 195
249 234 203
256 242 206
265 248 215
273 256 222
274 263 227
278 271 233
285 279 239
294 283 240
81
448 473 448
363 365 367
318 333 324
208 219 205
128 109 116
174 175 166
129 119 118
74 56 67
7 5 5
191 196 189
243 268 244
91 71 84
112 98 97
358 356 365
153 155 141
405 441 415
244 272 250
336 343 344
370 379 378
29 16 27
291 323 300
43 29 36
101 78 85
454 481 455
13 9 13
365 367 374
395 412 405
274 307 285
61 45 57
139 139 129
260 292 274
248 277 259
241 258 234
369 376 377
19 14 18
353 350 353
344 345 349
179 182 173
258 288 272
397 421 406
186 187 179
251 279 264
236 249 228
110 93 94
403 431 411
53 39 45
269 297 282
33 24 32
327 338 339
67 55 58
299 330 311
414 442 422
378 391 393
239 254 232
118 99 105
205 212 203
423 452 428
134 129 126
309 332 315
60 44 52
143 145 136
225 236 218
119 105 108
439 463 441
462 485 456
199 205 199
390 404 398
292 327 309
373 389 384
283 314 293
162 162 146
386 400 394
430 455 434
142 144 131
326 334 334
170 169 156
355 351 356
218 228 214
84 63 77
108 87 89
232 241 220
66
2 2 2
8 7 8
9 14 12
13 20 19
20 26 29
24 34 33
30 36 37
38 40 40
43 44 43
48 54 52
55 64 58
59 72 67
64 78 68
69 87 77
70 97 80
80 102 88
86 109 91
92 111 94
102 121 99
105 131 104
112 135 109
113 142 114
114 143 122
122 149 123
125 151 132
127 156 141
133 164 144
135 169 152
142 170 161
146 177 167
156 181 174
160 186 178
165 193 188
170 200 192
179 208 202
186 212 203
196 214 212
200 221 219
202 222 222
208 227 227
214 230 232
221 239 235
223 248 236
228 250 239
230 260 242
231 265 252
233 270 257
243 272 265
253 273 268
262 280 273
269 290 275
270 299 281
273 303 289
276 305 297
286 308 301
287 312 309
297 321 318
303 329 321
313 334 330
316 339 340
317 343 345
327 345 346
333 351 356
334 354 359
344 362 361
354 371 369
21
9 9 5
13 11 11
21 19 15
25 26 24
35 32 28
43 40 37
47 47 40
54 54 45
59 63 46
69 69 48
74 72 52
83 82 58
85 88 62
91 96 63
94 98 68
96 101 78
100 107 81
104 110 91
106 120 92
107 125 100
111 133 102
100
5 4 4
10 5 7
14 6 12
23 11 16
27 15 24
36 25 31
42 27 40
50 37 45
54 41 54
63 42 64
65 45 66
75 46 72
85 54 77
90 58 84
91 67 87
97 70 94
102 72 103
110 73 109
114 77 114
122 84 123
123 91 129
131 95 136
133 100 139
134 105 148
137 110 155
139 116 156
147 123 165
148 129 174
155 136 176
158 145 182
166 152 184
175 156 186
178 163 194
186 173 199
195 181 207
196 183 212
201 190 217
203 198 223
206 207 230
216 210 240
221 216 249
224 221 253
231 226 255
235 232 263
236 234 268
239 242 271
244 246 278
253 248 287
261 253 295
267 254 296
276 255 304
280 256 306
284 263 313
285 268 315
290 278 320
296 288 324
306 289 325
309 294 333
318 297 336
326 304 341
334 306 345
335 312 351
341 318 353
343 326 357
346 328 358
348 336 361
357 339 366
365 341 375
366 344 381
373 348 387
381 351 388
390 355 396
395 358 405
397 360 412
404 366 417
409 369 422
412 378 429
420 380 430
424 381 433
427 390 436
437 399 443
440 409 448
446 416 453
448 421 454
458 424 464
466 430 474
471 440 478
473 445 486
479 455 492
480 456 500
483 459 510
487 462 515
492 464 525
496 469 529
503 479 539
510 487 544
519 489 551
527 496 558
530 497 565
534 501 574
70
9 2 10
10 7 16
16 8 24
19 11 27
25 16 29
31 17 36
35 19 42
40 26 52
49 34 55
57 41 63
62 46 69
67 47 77
74 51 78
84 54 88
94 61 94
103 63 98
106 68 99
107 73 108
113 82 118
120 84 127
121 88 130
127 96 136
131 104 144
140 106 153
149 109 157
155 115 167
158 119 176
164 125 179
166 126 181
167 127 188
176 131 189
185 133 197
194 140 205
198 144 206
201 154 209
211 159 210
220 165 212
225 166 216
226 170 223
233 173 228
240 174 232
246 179 242
255 182 246
259 187 251
268 193 253
274 194 260
275 196 270
280 200 274
286 204 275
291 214 282
297 223 290
303 232 294
305 238 300
306 240 308
308 243 318
310 250 326
318 255 335
320 261 337
325 270 339
328 271 347
335 280 348
339 286 353
345 295 362
350 297 368
352 304 371
353 306 372
357 314 374
359 318 379
364 328 387
367 334 390
58
240 227 294
113 107 131
181 178 223
168 162 203
58 42 64
171 168 209
26 15 31
186 179 230
311 301 370
18 7 13
64 45 74
229 215 281
20 8 23
159 154 199
271 254 329
286 271 351
34 24 40
69 54 83
100 92 117
267 245 318
80 67 94
47 35 49
132 129 163
250 237 303
258 241 309
17 6 10
150 139 186
121 113 137
125 119 147
174 175 217
99 87 109
192 183 238
158 144 189
274 258 339
134 130 170
217 205 268
143 135 180
126 124 153
203 191 252
87 74 103
108 104 129
105 101 119
308 298 368
212 200 259
37 34 46
72 64 88
222 209 272
282 266 349
305 292 365
293 274 360
92 80 107
269 253 324
300 283 364
10 4 2
193 190 248
54 39 54
238 218 287
241 236 301
92
9 7 8
12 11 18
17 20 20
21 27 26
27 35 28
31 45 32
37 52 36
39 53 44
42 61 50
47 69 56
48 77 62
57 87 70
60 97 76
67 98 79
76 107 84
81 110 88
85 120 98
86 123 107
91 132 111
99 135 113
100 142 114
109 152 123
113 154 125
122 159 130
128 165 134
129 169 140
132 172 149
138 179 158
146 184 166
149 194 170
158 200 174
165 209 179
169 216 183
171 218 190
172 226 194
177 234 202
186 244 211
192 245 219
195 253 226
201 260 228
205 263 236
208 271 246
209 275 253
219 277 259
228 278 268
234 279 274
241 281 276
251 285 283
261 293 284
269 300 293
273 301 303
275 308 313
280 310 315
284 317 318
287 324 328
293 331 333
295 333 340
304 334 341
311 338 349
315 339 356
318 341 363
325 342 372
335 352 380
342 360 383
350 370 387
359 374 393
360 384 397
361 392 399
371 400 409
375 406 419
379 416 421
384 422 423
388 432 429
391 434 430
392 440 440
397 449 445
404 454 451
414 456 453
417 463 455
421 467 456
430 472 460
434 479 464
437 486 465
440 496 467
450 504 468
459 511 476
466 521 485
476 526 488
480 533 498
488 536 506
495 545 507
497 555 509
12
42 40 65
17 25 38
13 21 28
33 32 49
1 5 6
31 27 42
37 39 63
34 34 55
23 26 39
50 49 74
4 15 22
2 14 14
64
3 9 9
5 14 13
6 22 15
14 32 19
22 38 28
29 39 36
31 44 39
38 47 42
39 55 44
45 56 45
48 66 48
49 74 49
59 79 50
67 85 51
68 91 57
78 93 60
82 100 61
91 103 70
98 110 74
102 119 75
108 120 82
113 127 91
120 129 99
121 136 108
123 144 109
133 147 110
142 150 118
147 158 119
154 164 126
158 171 132
159 179 140
169 187 147
178 197 157
181 204 161
184 208 169
187 217 179
189 224 185
199 233 192
200 241 202
210 243 210
211 247 211
217 251 216
218 256 226
220 264 232
221 274 242
229 282 252
231 285 255
238 293 263
246 297 269
256 299 270
260 302 274
266 303 281
275 309 287
284 310 291
287 317 292
288 323 293
297 332 296
300 342 306
309 344 307
315 353 316
319 363 325
329 364 330
334 366 337
337 367 340
54
138 195 164
194 262 228
88 124 81
146 205 165
33 38 27
156 219 187
125 171 132
51 79 59
192 253 225
26 26 21
80 119 76
22 20 17
92 126 82
254 328 280
120 168 123
152 209 179
218 299 256
237 304 266
12 13 12
64 99 66
176 239 210
31 35 23
57 90 63
48 70 53
274 346 294
44 60 48
53 83 61
137 185 155
40 46 36
9 6 7
201 270 231
183 246 217
43 54 42
73 103 71
267 339 286
133 181 154
151 206 172
205 276 238
118 158 116
103 140 91
99 130 90
107 146 97
127 174 140
258 336 284
131 175 145
169 232 207
228 301 263
209 286 242
164 223 197
109 152 106
212 296 250
75 112 75
248 318 274
238 313 271
41
122 134 139
6 11 16
79 74 89
192 201 240
49 54 63
180 178 202
110 117 121
121 131 129
120 121 126
91 90 100
160 171 182
169 175 190
16 19 20
28 38 47
4 1 4
140 154 155
35 45 55
164 173 189
43 49 56
191 195 232
95 97 106
84 80 96
60 64 78
136 149 146
188 194 224
155 169 172
24 27 35
26 36 45
183 183 207
77 66 88
174 176 200
5 8 13
146 162 167
70 65 82
141 160 162
130 141 144
22 24 28
98 105 112
57 56 70
105 112 116
184 192 217
66
165 193 188
170 200 192
125 151 132
200 221 219
30 36 37
286 308 301
156 181 174
208 227 227
135 169 152
38 40 40
202 222 222
269 290 275
231 265 252
160 186 178
146 177 167
287 312 309
276 305 297
102 121 99
297 321 318
186 212 203
243 272 265
344 362 361
127 156 141
48 54 52
55 64 58
270 299 281
43 44 43
20 26 29
333 351 356
273 303 289
13 20 19
303 329 321
112 135 109
113 142 114
133 164 144
354 371 369
9 14 12
230 260 242
122 149 123
24 34 33
142 170 161
313 334 330
214 230 232
223 248 236
228 250 239
80 102 88
92 111 94
233 270 257
105 131 104
196 214 212
8 7 8
70 97 80
86 109 91
316 339 340
221 239 235
114 143 122
64 78 68
179 208 202
327 345 346
317 343 345
2 2 2
69 87 77
253 273 268
334 354 359
262 280 273
59 72 67
89
2 6 2
8 16 11
11 20 14
16 30 15
26 40 25
28 43 34
38 53 41
42 57 48
49 67 52
56 74 55
61 80 60
63 89 67
64 99 72
73 100 81
74 110 86
76 113 88
79 120 94
86 123 99
94 133 108
98 137 113
103 144 115
113 149 125
114 152 126
118 156 130
121 165 135
131 174 140
141 175 150
151 185 160
156 189 161
157 190 170
163 191 178
172 194 184
182 199 190
185 206 191
187 213 195
196 216 204
199 217 214
205 220 220
210 224 226
218 227 228
223 232 234
229 238 243
236 248 250
246 251 257
256 258 259
266 259 261
270 261 263
273 268 266
275 274 268
281 276 269
284 286 270
292 291 278
301 297 279
310 298 286
319 300 291
323 303 296
325 305 297
332 313 307
335 320 314
338 329 321
344 334 328
348 344 332
351 353 338
361 354 348
362 356 357
371 361 366
380 371 367
386 375 368
387 385 378
394 393 382
397 403 389
398 405 394
402 411 395
410 413 403
415 423 405
416 433 414
418 437 419
424 440 429
431 448 433
440 450 436
446 458 439
452 467 446
458 473 452
463 482 459
464 490 466
473 499 468
478 502 477
488 503 481
494 510 486
44
97 77 110
14 7 16
227 201 235
29 23 39
240 217 243
61 53 72
130 113 133
211 188 228
232 208 241
138 126 155
135 119 141
193 171 216
120 107 129
44 35 46
164 148 192
136 121 146
247 228 248
89 69 97
57 44 64
25 11 27
163 146 186
102 88 121
52 40 56
182 159 208
145 133 171
90 70 103
140 132 161
111 100 126
242 221 246
174 158 200
9 3 9
221 198 234
105 93 122
190 164 213
71 54 81
155 140 180
28 17 30
80 64 87
50 37 54
202 183 221
99 79 118
200 175 218
24 9 21
39 28 42
67
10 10 6
19 19 15
26 21 18
28 29 26
30 36 33
34 46 43
43 50 45
47 57 47
49 59 56
50 64 64
56 67 69
58 75 71
63 77 77
73 79 86
74 88 92
78 96 102
83 105 107
84 113 113
92 114 119
93 115 125
94 116 129
100 117 133
108 122 140
114 125 141
119 128 143
124 137 150
127 147 157
135 150 166
145 155 175
154 165 183
159 172 192
164 174 196
167 182 198
172 192 205
181 198 214
191 205 224
195 208 225
202 218 231
205 221 237
206 228 244
214 230 246
216 236 251
217 239 256
222 244 257
231 250 261
241 259 267
251 260 268
256 261 273
261 270 283
265 273 285
267 283 294
277 292 301
286 295 308
291 299 311
298 305 318
307 307 321
317 317 331
325 319 340
329 329 343
330 338 352
334 345 359
341 352 363
349 358 365
350 363 373
355 366 376
363 374 377
364 379 381
58
126 124 153
17 6 10
64 45 74
305 292 365
212 200 259
238 218 287
171 168 209
37 34 46
286 271 351
282 266 349
311 301 370
258 241 309
222 209 272
271 254 329
186 179 230
192 183 238
241 236 301
300 283 364
54 39 54
250 237 303
72 64 88
274 258 339
87 74 103
174 175 217
308 298 368
92 80 107
18 7 13
132 129 163
26 15 31
159 154 199
113 107 131
269 253 324
10 4 2
267 245 318
99 87 109
34 24 40
181 178 223
217 205 268
158 144 189
293 274 360
47 35 49
240 227 294
143 135 180
203 191 252
69 54 83
105 101 119
229 215 281
121 113 137
134 130 170
80 67 94
150 139 186
193 190 248
20 8 23
58 42 64
168 162 203
125 119 147
108 104 129
100 92 117
56
4 1 9
10 9 17
11 15 20
14 22 28
17 32 38
22 35 44
29 39 46
33 46 50
34 50 57
35 60 65
45 68 70
49 75 76
53 79 85
60 80 92
62 82 102
63 92 105
69 101 110
70 109 119
79 115 122
82 120 126
85 124 129
92 130 131
98 140 141
108 144 146
116 145 152
122 150 158
130 158 165
140 164 167
143 165 173
147 169 179
154 176 185
159 182 191
161 190 196
163 192 206
167 194 211
169 198 213
173 199 221
182 204 225
187 210 232
188 215 236
198 217 239
205 225 240
206 230 246
211 237 247
219 244 256
229 252 260
231 261 264
235 265 267
238 266 276
242 267 285
245 277 290
254 284 296
261 290 304
266 291 305
269 297 313
273 298 320
75
5 1 1
8 3 10
15 5 13
24 13 14
32 14 23
42 18 31
43 21 34
52 30 43
54 31 47
60 38 52
70 41 53
73 45 56
74 49 66
81 54 68
84 55 76
91 56 85
95 66 88
100 71 94
104 72 96
109 81 103
110 83 108
119 90 110
125 96 120
128 106 123
134 113 126
142 114 133
152 124 138
162 133 146
166 141 147
173 150 152
178 158 158
188 162 166
192 164 175
193 166 179
197 169 185
202 171 191
210 177 197
212 184 198
214 185 201
222 191 209
226 193 213
235 199 220
238 203 226
240 204 234
249 206 237
251 211 243
253 216 248
258 218 249
266 222 250
274 226 257
279 233 263
280 239 264
289 244 271
294 247 274
296 248 282
297 249 287
300 254 296
304 259 305
305 260 314
311 266 321
316 267 322
318 271 324
322 272 325
323 275 334
332 283 344
341 291 346
351 292 347
357 302 348
358 308 358
364 312 359
372 317 360
378 320 363
387 326 372
389 330 380
395 335 386
5
3 8 8
6 16 14
11 17 17
21 26 25
28 31 28
75
166 141 147
134 113 126
91 56 85
54 31 47
8 3 10
323 275 334
226 193 213
296 248 282
188 162 166
341 291 346
162 133 146
24 13 14
152 124 138
128 106 123
125 96 120
387 326 372
84 55 76
318 271 324
274 226 257
289 244 271
60 38 52
119 90 110
280 239 264
235 199 220
395 335 386
95 66 88
52 30 43
304 259 305
294 247 274
15 5 13
378 320 363
173 150 152
372 317 360
249 206 237
316 267 322
142 114 133
5 1 1
305 260 314
364 312 359
332 283 344
197 169 185
258 218 249
202 171 191
32 14 23
70 41 53
279 233 263
214 185 201
240 204 234
300 254 296
222 191 209
238 203 226
351 292 347
73 45 56
81 54 68
104 72 96
42 18 31
389 330 380
193 166 179
109 81 103
210 177 197
311 266 321
100 71 94
74 49 66
212 184 198
322 272 325
110 83 108
357 302 348
251 211 243
297 249 287
178 158 158
266 222 250
192 164 175
43 21 34
253 216 248
358 308 358
53
148 179 175
5 9 7
45 66 56
133 158 151
66 91 74
169 193 201
27 44 37
190 208 218
88 115 95
8 16 16
58 86 68
183 203 211
49 77 59
121 144 134
136 161 160
284 282 293
237 233 260
275 269 286
250 248 268
93 123 112
179 199 210
292 292 301
79 109 89
74 103 84
73 94 83
113 143 130
99 125 117
197 210 228
32 56 49
282 277 291
258 257 275
122 146 138
143 173 170
36 58 52
243 239 261
228 231 258
126 148 143
199 211 234
91 116 105
156 187 185
142 168 167
164 188 195
266 266 282
46 72 57
23 40 36
29 52 44
210 224 251
201 219 243
57 85 60
14 26 17
21 30 26
105 133 120
219 225 253
20
67 75 89
37 31 44
65 68 87
29 29 34
100 88 129
62 55 77
92 87 127
83 77 102
22 19 17
87 78 112
6 8 5
53 43 66
12 15 13
77 76 94
51 42 57
44 32 54
64 63 85
55 46 71
89 86 118
28 25 25
41
4 1 4
5 8 13
6 11 16
16 19 20
22 24 28
24 27 35
26 36 45
28 38 47
35 45 55
43 49 56
49 54 63
57 56 70
60 64 78
70 65 82
77 66 88
79 74 89
84 80 96
91 90 100
95 97 106
98 105 112
105 112 116
110 117 121
120 121 126
121 131 129
122 134 139
130 141 144
136 149 146
140 154 155
141 160 162
146 162 167
155 169 172
160 171 182
164 173 189
169 175 190
174 176 200
180 178 202
183 183 207
184 192 217
188 194 224
191 195 232
192 201 240
20
65 68 87
92 87 127
83 77 102
53 43 66
87 78 112
6 8 5
29 29 34
55 46 71
12 15 13
62 55 77
64 63 85
77 76 94
22 19 17
44 32 54
89 86 118
100 88 129
28 25 25
51 42 57
37 31 44
67 75 89
63
10 5 6
14 10 14
16 16 20
23 24 21
24 31 22
26 37 32
33 42 39
39 51 49
44 60 53
50 62 59
54 64 64
55 73 65
61 77 67
70 83 74
76 87 78
81 96 85
84 103 92
85 110 97
89 118 101
99 124 111
108 126 120
118 136 125
120 142 132
126 143 134
135 145 138
142 150 148
149 153 156
153 156 165
161 157 171
165 162 181
166 169 184
170 178 189
172 181 196
180 191 201
181 198 211
184 199 215
190 208 218
191 215 222
193 222 228
199 224 232
206 234 242
208 235 250
212 244 252
219 253 256
226 261 261
229 271 262
234 277 271
240 280 280
245 288 288
247 291 297
250 297 302
255 302 303
260 305 306
270 306 313
276 312 316
285 315 318
291 323 328
294 326 333
301 327 342
305 329 343
306 331 349
312 336 357
314 342 363
55
5 3 10
8 9 14
12 17 20
21 24 25
31 25 32
36 33 42
44 42 50
54 49 60
55 53 65
61 56 68
65 60 71
68 63 74
69 70 75
78 72 77
82 79 78
83 86 86
91 90 88
98 99 94
100 101 96
103 109 97
113 117 101
123 127 106
133 136 107
136 143 113
142 144 122
145 154 132
152 158 136
158 165 140
162 166 145
168 168 155
173 174 156
176 180 164
186 185 172
193 190 173
195 200 175
199 208 178
204 209 182
207 215 192
214 221 194
216 222 196
225 230 198
234 233 202
239 236 203
247 237 209
254 243 216
256 251 219
263 255 223
271 258 224
280 259 232
281 262 241
285 271 249
295 273 256
298 282 257
301 288 258
302 290 260
15
6 4 7
9 6 8
16 10 18
26 17 27
32 19 35
36 29 40
46 30 50
53 38 60
63 40 65
69 43 68
74 45 72
75 50 73
77 55 81
80 65 89
84 75 95
41
110 117 121
4 1 4
91 90 100
174 176 200
70 65 82
26 36 45
146 162 167
84 80 96
122 134 139
28 38 47
192 201 240
24 27 35
180 178 202
130 141 144
57 56 70
188 194 224
169 175 190
35 45 55
60 64 78
77 66 88
98 105 112
184 192 217
22 24 28
16 19 20
155 169 172
5 8 13
43 49 56
105 112 116
140 154 155
183 183 207
49 54 63
160 171 182
164 173 189
191 195 232
120 121 126
95 97 106
79 74 89
121 131 129
141 160 162
136 149 146
6 11 16
84
6 3 8
14 8 14
24 11 17
25 15 27
33 18 34
39 26 39
46 31 41
48 32 46
51 40 55
53 47 63
58 57 73
64 63 75
67 68 79
72 72 81
81 80 87
86 89 88
92 95 91
96 103 92
102 107 101
111 115 102
121 116 110
125 118 119
131 120 120
140 123 127
142 130 137
145 137 141
155 144 150
158 149 156
167 150 166
176 156 169
185 160 172
193 161 180
199 168 181
202 170 187
206 172 192
208 181 201
209 183 210
214 185 217
215 193 220
225 203 222
233 211 224
234 218 233
244 219 235
246 222 241
256 225 243
264 233 244
268 237 249
278 241 254
286 243 255
291 247 259
293 255 263
300 263 266
305 267 267
315 273 271
325 282 273
330 291 282
332 293 290
337 303 298
344 305 308
347 308 311
353 314 314
363 320 320
369 323 322
379 331 332
385 340 338
393 350 346
396 357 347
405 363 354
414 365 355
424 375 360
428 385 368
436 390 371
444 392 374
453 396 383
461 401 388
463 408 392
466 415 402
473 418 410
474 424 420
481 431 427
488 439 436
490 445 444
491 451 453
493 453 460
81
355 351 356
74 56 67
439 463 441
53 39 45
170 169 156
274 307 285
248 277 259
430 455 434
142 144 131
344 345 349
414 442 422
395 412 405
390 404 398
60 44 52
241 258 234
225 236 218
174 175 166
326 334 334
258 288 272
358 356 365
118 99 105
448 473 448
327 338 339
283 314 293
205 212 203
454 481 455
208 219 205
19 14 18
369 376 377
336 343 344
363 365 367
29 16 27
291 323 300
403 431 411
269 297 282
134 129 126
386 400 394
239 254 232
232 241 220
397 421 406
199 205 199
378 391 393
129 119 118
236 249 228
61 45 57
309 332 315
462 485 456
186 187 179
143 145 136
110 93 94
318 333 324
84 63 77
218 228 214
33 24 32
191 196 189
370 379 378
13 9 13
101 78 85
243 268 244
162 162 146
139 139 129
128 109 116
292 327 309
43 29 36
153 155 141
108 87 89
299 330 311
353 350 353
373 389 384
67 55 58
365 367 374
7 5 5
260 292 274
179 182 173
91 71 84
251 279 264
423 452 428
119 105 108
244 272 250
405 441 415
112 98 97
41
121 131 129
77 66 88
91 90 100
183 183 207
141 160 162
188 194 224
180 178 202
28 38 47
70 65 82
60 64 78
16 19 20
98 105 112
120 121 126
110 117 121
140 154 155
49 54 63
105 112 116
79 74 89
192 201 240
136 149 146
5 8 13
57 56 70
122 134 139
155 169 172
164 173 189
95 97 106
84 80 96
26 36 45
6 11 16
35 45 55
174 176 200
130 141 144
22 24 28
4 1 4
146 162 167
24 27 35
160 171 182
43 49 56
191 195 232
184 192 217
169 175 190
90
2 7 9
182 198 165
506 484 484
352 337 331
95 115 117
283 282 267
43 66 72
100 123 118
340 329 320
25 36 51
204 226 195
432 424 423
319 306 286
155 173 147
34 45 59
258 256 244
53 73 77
209 230 205
416 406 402
381 365 367
134 157 139
244 245 230
435 429 425
413 402 393
36 55 60
348 330 330
23 32 36
31 41 56
268 273 256
418 407 404
410 392 391
24 35 42
137 159 145
401 390 387
4 14 12
163 184 152
224 239 209
309 298 284
445 437 431
465 455 447
230 241 217
85 100 102
361 355 353
516 491 486
18 29 28
497 478 474
366 357 362
125 148 131
198 211 182
325 312 293
259 263 248
469 457 450
356 347 340
376 360 364
328 322 307
117 140 130
250 248 234
78 92 93
273 281 259
430 420 416
493 475 467
485 465 458
288 291 269
452 447 439
459 449 446
303 297 280
357 349 349
293 292 277
420 414 413
475 462 451
326 321 299
164 194 157
40 59 63
238 243 222
215 232 208
10 18 21
203 220 191
13 26 22
109 132 122
173 196 163
333 323 314
113 134 125
162 176 149
386 375 370
92 110 107
188 203 175
146 163 146
394 383 380
62 75 85
71 83 92
12
1 5 6
2 14 14
4 15 22
13 21 28
17 25 38
23 26 39
31 27 42
33 32 49
34 34 55
37 39 63
42 40 65
50 49 74
100
2 9 5
4 17 14
6 23 17
7 29 27
11 38 35
14 43 41
19 47 47
29 56 50
36 59 55
43 66 57
46 76 64
50 80 74
51 82 82
52 91 92
62 92 94
68 97 96
69 105 99
79 111 107
80 118 109
85 126 111
91 133 119
100 138 126
106 141 136
109 150 138
114 155 147
117 159 150
122 162 154
124 165 157
133 167 160
138 176 170
144 179 175
152 188 179
159 193 182
168 203 188
170 211 191
172 214 197
182 215 207
190 218 211
194 222 218
197 230 223
200 236 233
207 242 243
213 245 251
216 247 258
224 255 261
234 264 264
239 265 270
246 274 277
250 279 282
254 280 292
256 286 294
264 289 295
270 296 301
279 306 307
283 312 316
290 316 323
295 318 333
303 328 338
304 331 348
305 332 353
309 337 356
315 340 357
324 343 360
327 349 367
335 356 376
345 358 378
355 365 379
364 372 388
374 373 391
384 382 401
388 384 407
392 389 410
395 397 419
396 399 423
401 402 426
402 407 435
410 417 443
416 422 448
426 424 454
427 433 460
428 438 462
436 439 472
441 442 482
448 446 489
449 452 492
453 460 501
457 461 506
466 464 509
472 469 511
482 476 520
491 478 525
492 485 533
502 486 543
511 496 549
519 505 558
523 510 568
531 515 574
536 518 579
539 520 586
547 527 588
58
87 74 103
105 101 119
274 258 339
132 129 163
282 266 349
100 92 117
10 4 2
300 283 364
37 34 46
17 6 10
99 87 109
80 67 94
222 209 272
193 190 248
305 292 365
150 139 186
18 7 13
108 104 129
47 35 49
271 254 329
92 80 107
69 54 83
58 42 64
212 200 259
250 237 303
121 113 137
113 107 131
192 183 238
311 301 370
217 205 268
20 8 23
159 154 199
34 24 40
229 215 281
64 45 74
293 274 360
143 135 180
158 144 189
186 179 230
126 124 153
171 168 209
241 236 301
238 218 287
125 119 147
72 64 88
26 15 31
267 245 318
240 227 294
54 39 54
174 175 217
269 253 324
134 130 170
308 298 368
286 271 351
203 191 252
258 241 309
168 162 203
181 178 223
87
9 7 5
16 9 6
18 17 15
23 18 24
24 25 31
25 26 41
26 30 44
30 35 52
40 44 53
46 45 57
53 53 62
54 58 63
63 67 71
65 76 79
66 78 87
70 88 92
79 89 100
87 95 110
96 98 119
106 104 129
108 110 139
109 112 149
115 116 155
122 123 157
125 128 161
132 131 169
138 136 174
148 141 177
151 151 185
152 153 191
155 159 194
158 164 202
161 173 212
168 181 222
176 191 227
182 198 229
192 206 236
202 216 246
207 223 248
210 231 255
213 238 259
215 241 268
221 251 272
223 259 274
225 264 275
229 266 283
233 275 286
240 283 293
249 293 297
254 296 305
258 298 312
260 301 317
264 302 324
274 305 331
284 308 339
293 317 341
300 327 345
304 334 351
312 338 359
317 346 366
322 348 372
332 355 381
337 356 387
342 366 396
351 373 398
361 374 404
364 384 413
368 386 418
375 394 421
383 399 427
391 401 434
392 402 440
398 412 446
407 416 449
408 417 450
410 423 460
416 427 469
422 436 471
429 442 474
437 451 479
439 453 482
443 455 486
450 464 488
455 468 489
459 476 491
467 481 493
468 486 496
98
274 270 242
327 326 301
91 70 44
126 97 81
37 32 21
258 255 230
249 241 218
442 448 424
428 439 406
149 122 94
503 500 460
218 205 182
63 46 24
335 336 306
398 404 368
256 246 226
471 480 448
87 67 40
56 41 23
185 155 123
101 74 51
29 29 12
541 544 493
413 425 385
351 370 328
169 139 111
128 107 82
487 491 453
419 430 394
371 392 354
207 189 175
357 378 330
317 308 288
81 58 33
407 418 377
389 399 358
330 333 304
157 130 104
438 444 413
456 465 435
234 220 205
176 150 120
548 549 496
10 7 1
358 384 340
480 489 450
200 180 165
404 410 373
294 293 261
230 219 200
369 390 352
284 278 250
538 534 492
537 527 485
558 568 500
513 511 472
209 196 179
550 559 498
197 173 147
458 473 439
19 11 4
114 84 64
243 235 216
494 494 455
420 431 399
71 52 30
21 20 11
324 318 298
138 113 84
123 93 73
225 211 191
309 307 283
165 136 107
340 354 318
381 393 357
289 288 252
191 160 134
141 114 88
359 389 347
46 38 22
100 71 47
172 146 116
520 515 473
527 521 477
268 261 238
439 445 417
305 303 277
451 458 428
198 176 156
465 475 442
509 507 466
108 76 57
190 156 129
300 294 268
337 345 310
239 228 210
346 364 319
192 164 138
92
7 5 1
15 8 8
22 17 9
30 24 15
36 27 17
37 35 18
42 45 20
49 55 29
59 59 34
64 64 39
71 69 48
78 70 52
83 79 53
88 84 60
91 91 67
92 98 70
102 106 71
109 115 80
110 122 82
115 128 89
119 135 92
125 142 98
126 145 102
136 150 105
141 158 111
149 160 115
159 164 117
167 172 119
168 173 124
170 176 133
173 185 135
179 189 137
185 195 147
189 203 156
193 210 165
197 214 169
202 223 178
209 224 186
217 229 189
223 235 193
225 237 195
229 243 199
238 251 204
247 256 212
256 258 220
266 262 226
275 265 227
282 274 237
291 280 243
297 289 246
301 291 255
305 301 265
311 303 268
318 306 272
319 313 273
324 314 281
330 316 282
333 322 292
343 324 296
352 332 304
360 335 305
368 337 310
370 347 317
375 351 319
382 356 322
383 365 329
390 370 339
392 377 340
396 387 347
402 391 356
406 393 364
415 396 368
423 398 374
428 402 382
430 410 385
432 414 387
436 417 389
440 422 392
441 427 400
448 435 406
453 436 407
458 437 408
466 439 414
474 447 416
477 451 423
481 457 426
483 462 428
490 472 431
492 478 433
500 483 440
503 486 450
512 490 458
20
12 15 13
62 55 77
51 42 57
67 75 89
28 25 25
89 86 118
100 88 129
53 43 66
29 29 34
44 32 54
37 31 44
55 46 71
77 76 94
83 77 102
64 63 85
65 68 87
92 87 127
87 78 112
6 8 5
22 19 17
15
53 38 60
16 10 18
63 40 65
9 6 8
69 43 68
6 4 7
77 55 81
80 65 89
75 50 73
74 45 72
32 19 35
84 75 95
46 30 50
36 29 40
26 17 27
44
9 3 9
14 7 16
24 9 21
25 11 27
28 17 30
29 23 39
39 28 42
44 35 46
50 37 54
52 40 56
57 44 64
61 53 72
71 54 81
80 64 87
89 69 97
90 70 103
97 77 110
99 79 118
102 88 121
105 93 122
111 100 126
120 107 129
130 113 133
135 119 141
136 121 146
138 126 155
140 132 161
145 133 171
155 140 180
163 146 186
164 148 192
174 158 200
182 159 208
190 164 213
193 171 216
200 175 218
202 183 221
211 188 228
221 198 234
227 201 235
232 208 241
240 217 243
242 221 246
247 228 248
89
272 306 275
287 328 298
164 213 169
52 63 66
92 142 107
42 52 49
382 422 400
121 169 134
5 4 3
422 479 446
289 329 308
368 405 390
134 177 148
409 452 425
442 501 475
40 49 47
214 247 214
178 217 188
47 55 52
421 470 441
75 99 81
186 228 201
245 273 242
302 343 320
55 73 70
79 126 96
435 487 465
107 154 122
206 239 207
248 281 247
78 116 86
227 263 229
369 414 398
364 400 387
343 391 370
258 290 257
440 491 474
84 133 100
383 430 402
453 513 486
390 437 409
50 58 58
328 360 331
375 419 399
339 383 360
76 109 85
170 215 179
59 86 75
132 175 146
26 9 17
277 313 281
351 397 372
332 374 342
412 459 430
226 256 219
200 235 204
154 203 166
100 148 116
193 231 203
447 509 485
32 32 33
292 337 317
333 378 352
38 40 40
127 172 141
236 267 237
152 193 163
27 16 22
31 23 29
430 480 455
81 127 98
360 398 380
331 367 339
8 6 12
69 94 76
114 164 129
266 292 261
140 180 155
308 345 325
217 248 218
267 296 266
185 220 195
318 355 328
282 319 290
399 444 415
418 462 439
57 83 73
146 185 160
17 7 13
31
18 21 12
131 147 125
97 114 77
43 62 44
87 112 76
20 28 20
98 120 84
75 95 65
143 173 143
85 105 75
5 4 1
110 134 98
61 78 48
52 71 47
25 36 27
33 43 34
65 88 52
135 152 134
137 162 136
99 124 92
121 146 115
10 13 10
73 90 61
140 169 137
147 176 145
117 136 109
37 58 38
112 135 103
100 133 97
80 100 67
34 48 35
66
9 1 7
14 4 16
18 10 23
26 13 24
32 20 26
40 23 27
47 29 36
56 34 37
59 42 43
66 49 52
69 54 57
71 59 65
79 60 71
84 69 75
94 72 79
96 79 88
104 88 97
114 91 98
115 101 106
125 109 114
127 113 116
134 116 124
137 121 125
138 130 133
147 138 135
151 147 142
157 153 149
159 157 154
160 162 160
167 172 168
168 178 169
169 182 175
179 192 176
183 198 179
188 206 188
193 215 196
196 219 201
202 227 202
206 235 210
216 245 213
222 253 222
225 254 229
226 259 236
228 267 241
236 269 249
237 273 254
239 277 264
240 284 265
249 294 270
255 300 278
262 306 285
263 315 292
266 325 295
272 327 301
282 329 303
284 332 307
291 340 309
293 341 316
298 350 325
302 359 326
308 363 329
311 367 331
316 374 340
323 384 345
327 389 351
334 398 353
53
5 9 7
8 16 16
14 26 17
21 30 26
23 40 36
27 44 37
29 52 44
32 56 49
36 58 52
45 66 56
46 72 57
49 77 59
57 85 60
58 86 68
66 91 74
73 94 83
74 103 84
79 109 89
88 115 95
91 116 105
93 123 112
99 125 117
105 133 120
113 143 130
121 144 134
122 146 138
126 148 143
133 158 151
136 161 160
142 168 167
143 173 170
148 179 175
156 187 185
164 188 195
169 193 201
179 199 210
183 203 211
190 208 218
197 210 228
199 211 234
201 219 243
210 224 251
219 225 253
228 231 258
237 233 260
243 239 261
250 248 268
258 257 275
266 266 282
275 269 286
282 277 291
284 282 293
292 292 301
15
32 19 35
84 75 95
75 50 73
74 45 72
6 4 7
16 10 18
46 30 50
9 6 8
63 40 65
69 43 68
80 65 89
36 29 40
26 17 27
77 55 81
53 38 60
41
77 66 88
84 80 96
121 131 129
6 11 16
184 192 217
180 178 202
183 183 207
35 45 55
160 171 182
24 27 35
174 176 200
98 105 112
141 160 162
130 141 144
192 201 240
140 154 155
5 8 13
136 149 146
60 64 78
164 173 189
169 175 190
155 169 172
188 194 224
191 195 232
70 65 82
43 49 56
122 134 139
95 97 106
49 54 63
4 1 4
28 38 47
16 19 20
120 121 126
105 112 116
79 74 89
26 36 45
110 117 121
57 56 70
91 90 100
146 162 167
22 24 28
47
2 3 10
6 5 12
8 14 20
11 19 25
20 21 34
27 31 37
31 35 41
39 41 46
45 48 50
47 49 51
57 59 52
66 67 55
67 76 62
70 77 70
80 81 77
84 83 86
90 91 93
100 92 95
107 94 104
111 96 109
117 106 110
125 107 111
130 115 118
133 117 126
143 118 132
147 122 142
157 130 145
159 137 155
167 147 165
169 155 166
170 161 171
177 168 179
186 176 184
191 186 192
192 196 201
196 205 207
205 210 211
215 215 221
222 223 231
231 225 232
237 235 236
241 243 240
251 244 242
259 249 244
264 257 246
269 267 253
270 268 259
58
54 39 54
203 191 252
282 266 349
293 274 360
134 130 170
300 283 364
286 271 351
26 15 31
217 205 268
150 139 186
108 104 129
305 292 365
64 45 74
222 209 272
192 183 238
105 101 119
229 215 281
181 178 223
132 129 163
100 92 117
158 144 189
69 54 83
250 237 303
174 175 217
17 6 10
241 236 301
274 258 339
121 113 137
47 35 49
168 162 203
143 135 180
10 4 2
267 245 318
258 241 309
271 254 329
113 107 131
34 24 40
186 179 230
193 190 248
125 119 147
92 80 107
99 87 109
72 64 88
37 34 46
240 227 294
87 74 103
18 7 13
58 42 64
80 67 94
159 154 199
126 124 153
212 200 259
238 218 287
269 253 324
171 168 209
308 298 368
20 8 23
311 301 370
15
9 6 8
77 55 81
32 19 35
16 10 18
69 43 68
63 40 65
6 4 7
53 38 60
80 65 89
74 45 72
36 29 40
75 50 73
26 17 27
84 75 95
46 30 50
37
1 6 7
9 8 15
12 11 19
21 20 20
27 27 22
31 33 24
33 42 31
40 48 37
45 53 46
49 60 49
53 61 54
56 65 58
58 69 66
67 77 76
75 82 86
83 89 88
92 90 94
97 100 102
100 110 103
106 115 107
113 123 112
115 129 118
118 134 127
125 136 129
127 146 130
136 153 138
143 160 144
152 168 149
153 173 159
160 181 166
163 185 169
164 193 170
174 195 174
183 198 182
190 203 184
195 208 191
196 216 196
6
8 10 1
14 17 7
23 25 12
28 29 15
30 34 19
31 42 23
31
61 78 48
98 120 84
99 124 92
43 62 44
110 134 98
121 146 115
85 105 75
137 162 136
143 173 143
52 71 47
5 4 1
140 169 137
73 90 61
33 43 34
75 95 65
20 28 20
65 88 52
117 136 109
147 176 145
112 135 103
97 114 77
135 152 134
131 147 125
10 13 10
80 100 67
34 48 35
87 112 76
37 58 38
18 21 12
100 133 97
25 36 27
89
5 4 3
8 6 12
17 7 13
26 9 17
27 16 22
31 23 29
32 32 33
38 40 40
40 49 47
42 52 49
47 55 52
50 58 58
52 63 66
55 73 70
57 83 73
59 86 75
69 94 76
75 99 81
76 109 85
78 116 86
79 126 96
81 127 98
84 133 100
92 142 107
100 148 116
107 154 122
114 164 129
121 169 134
127 172 141
132 175 146
134 177 148
140 180 155
146 185 160
152 193 163
154 203 166
164 213 169
170 215 179
178 217 188
185 220 195
186 228 201
193 231 203
200 235 204
206 239 207
214 247 214
217 248 218
226 256 219
227 263 229
236 267 237
245 273 242
248 281 247
258 290 257
266 292 261
267 296 266
272 306 275
277 313 281
282 319 290
287 328 298
289 329 308
292 337 317
302 343 320
308 345 325
318 355 328
328 360 331
331 367 339
332 374 342
333 378 352
339 383 360
343 391 370
351 397 372
360 398 380
364 400 387
368 405 390
369 414 398
375 419 399
382 422 400
383 430 402
390 437 409
399 444 415
409 452 425
412 459 430
418 462 439
421 470 441
422 479 446
430 480 455
435 487 465
440 491 474
442 501 475
447 509 485
453 513 486
84
3 5 10
5 15 14
11 17 21
14 24 29
16 30 30
18 31 34
21 40 35
27 45 39
34 55 41
38 58 46
42 62 54
45 67 64
52 76 72
62 85 82
69 86 83
71 95 88
77 97 93
80 102 103
86 108 107
90 111 109
99 115 114
106 124 120
111 133 126
117 135 133
121 139 139
131 149 148
139 152 158
146 160 162
151 166 165
152 176 170
156 185 180
165 191 188
172 199 195
182 205 196
188 209 200
191 216 210
197 226 218
198 233 223
208 243 229
211 250 234
219 258 236
225 268 244
227 272 254
235 275 255
244 281 257
253 286 267
259 287 274
262 295 284
264 296 293
272 304 303
281 309 304
291 319 312
300 326 314
302 336 318
306 338 320
309 339 323
314 344 327
324 345 330
330 352 340
332 358 348
341 364 350
351 368 355
360 369 357
367 372 359
368 378 363
374 380 373
384 388 375
386 389 381
388 398 383
395 402 385
398 410 388
399 411 395
408 418 405
410 424 410
417 430 413
426 432 423
433 437 428
438 440 430
444 444 435
445 454 439
448 462 449
458 467 451
465 477 455
474 485 461
58
186 179 230
174 175 217
181 178 223
20 8 23
17 6 10
64 45 74
222 209 272
192 183 238
238 218 287
308 298 368
217 205 268
286 271 351
269 253 324
10 4 2
267 245 318
121 113 137
193 190 248
132 129 163
168 162 203
72 64 88
305 292 365
159 154 199
240 227 294
258 241 309
143 135 180
100 92 117
18 7 13
311 301 370
113 107 131
171 168 209
87 74 103
54 39 54
150 139 186
37 34 46
34 24 40
282 266 349
58 42 64
108 104 129
293 274 360
47 35 49
26 15 31
126 124 153
250 237 303
300 283 364
80 67 94
125 119 147
241 236 301
134 130 170
274 258 339
69 54 83
212 200 259
229 215 281
105 101 119
158 144 189
271 254 329
203 191 252
92 80 107
99 87 109
98
10 7 1
19 11 4
21 20 11
29 29 12
37 32 21
46 38 22
56 41 23
63 46 24
71 52 30
81 58 33
87 67 40
91 70 44
100 71 47
101 74 51
108 76 57
114 84 64
123 93 73
126 97 81
128 107 82
138 113 84
141 114 88
149 122 94
157 130 104
165 136 107
169 139 111
172 146 116
176 150 120
185 155 123
190 156 129
191 160 134
192 164 138
197 173 147
198 176 156
200 180 165
207 189 175
209 196 179
218 205 182
225 211 191
230 219 200
234 220 205
239 228 210
243 235 216
249 241 218
256 246 226
258 255 230
268 261 238
274 270 242
284 278 250
289 288 252
294 293 261
300 294 268
305 303 277
309 307 283
317 308 288
324 318 298
327 326 301
330 333 304
335 336 306
337 345 310
340 354 318
346 364 319
351 370 328
357 378 330
358 384 340
359 389 347
369 390 352
371 392 354
381 393 357
389 399 358
398 404 368
404 410 373
407 418 377
413 425 385
419 430 394
420 431 399
428 439 406
438 444 413
439 445 417
442 448 424
451 458 428
456 465 435
458 473 439
465 475 442
471 480 448
480 489 450
487 491 453
494 494 455
503 500 460
509 507 466
513 511 472
520 515 473
527 521 477
537 527 485
538 534 492
541 544 493
548 549 496
550 559 498
558 568 500
97
3 9 7
4 11 10
8 15 17
9 19 23
18 29 33
23 38 41
29 42 44
39 44 48
48 50 55
51 52 57
61 56 64
67 64 74
70 71 78
76 75 85
86 76 92
89 86 102
90 96 112
99 102 117
101 108 120
106 113 126
109 121 131
113 130 134
120 139 135
121 145 140
130 148 146
140 150 152
142 153 158
147 155 159
154 162 164
163 165 165
172 167 174
182 177 179
189 185 183
197 195 184
204 199 189
212 201 194
222 207 197
225 210 199
228 218 204
233 226 206
239 235 207
243 237 210
247 240 220
250 249 229
255 251 239
257 261 241
264 270 242
268 275 245
276 277 252
284 280 253
292 289 258
294 292 267
295 294 276
300 296 281
307 300 289
314 309 292
323 310 300
332 318 310
338 324 312
341 326 321
349 327 323
352 332 329
355 338 331
362 340 335
365 348 344
369 349 347
373 355 349
378 360 356
387 361 366
392 368 369
400 377 377
406 378 382
412 385 390
418 390 392
428 394 399
429 401 400
432 403 407
435 405 408
445 409 414
451 411 416
455 412 420
461 415 426
464 419 431
467 429 441
470 430 443
477 431 450
486 439 457
489 449 460
498 457 463
501 461 467
509 471 468
519 475 473
527 480 483
536 482 484
546 483 493
550 493 503
558 503 509
54
9 6 7
12 13 12
22 20 17
26 26 21
31 35 23
33 38 27
40 46 36
43 54 42
44 60 48
48 70 53
51 79 59
53 83 61
57 90 63
64 99 66
73 103 71
75 112 75
80 119 76
88 124 81
92 126 82
99 130 90
103 140 91
107 146 97
109 152 106
118 158 116
120 168 123
125 171 132
127 174 140
131 175 145
133 181 154
137 185 155
138 195 164
146 205 165
151 206 172
152 209 179
156 219 187
164 223 197
169 232 207
176 239 210
183 246 217
192 253 225
194 262 228
201 270 231
205 276 238
209 286 242
212 296 250
218 299 256
228 301 263
237 304 266
238 313 271
248 318 274
254 328 280
258 336 284
267 339 286
274 346 294
12
5 6 3
8 8 10
11 16 17
17 17 25
27 27 30
35 34 31
38 38 35
45 43 39
46 45 49
56 48 57
65 55 62
75 56 71
22
85 83 81
21 14 21
99 96 94
93 92 89
72 69 70
89 88 83
102 99 98
68 67 60
30 21 29
39 33 39
66 58 58
108 106 108
22 18 26
6 4 9
57 53 54
75 73 73
52 48 44
16 8 17
47 40 42
80 76 77
34 27 34
35 31 37
100
102 72 103
471 440 478
341 318 353
479 455 492
148 129 174
131 95 136
267 254 296
519 489 551
492 464 525
114 77 114
201 190 217
326 304 341
147 123 165
10 5 7
318 297 336
166 152 184
90 58 84
285 268 315
231 226 255
235 232 263
420 380 430
261 253 295
276 255 304
503 479 539
122 84 123
366 344 381
42 27 40
36 25 31
397 360 412
448 421 454
409 369 422
427 390 436
5 4 4
395 358 405
14 6 12
224 221 253
306 289 325
221 216 249
437 399 443
244 246 278
483 459 510
527 496 558
236 234 268
381 351 388
216 210 240
458 424 464
365 341 375
155 136 176
404 366 417
123 91 129
134 105 148
296 288 324
530 497 565
473 445 486
534 501 574
137 110 155
280 256 306
424 381 433
175 156 186
133 100 139
390 355 396
85 54 77
195 181 207
253 248 287
496 469 529
440 409 448
290 278 320
343 326 357
446 416 453
110 73 109
284 263 313
206 207 230
346 328 358
23 11 16
91 67 87
203 198 223
186 173 199
54 41 54
50 37 45
75 46 72
334 306 345
348 336 361
97 70 94
196 183 212
510 487 544
309 294 333
335 312 351
239 242 271
139 116 156
412 378 429
487 462 515
63 42 64
158 145 182
65 45 66
373 348 387
357 339 366
480 456 500
466 430 474
178 163 194
27 15 24
34
151 141 178
82 79 84
72 73 74
140 126 160
42 50 48
49 53 53
25 25 30
101 107 129
13 10 8
162 147 189
67 65 65
114 112 138
96 96 112
188 177 214
177 159 203
128 118 148
132 121 149
118 114 147
182 168 205
97 105 120
15 12 15
93 86 102
39 44 41
135 124 155
58 58 57
108 111 132
16 22 23
172 152 195
32 34 31
3 7 1
193 182 224
92 80 92
156 145 187
149 136 170
58
10 4 2
17 6 10
18 7 13
20 8 23
26 15 31
34 24 40
37 34 46
47 35 49
54 39 54
58 42 64
64 45 74
69 54 83
72 64 88
80 67 94
87 74 103
92 80 107
99 87 109
100 92 117
105 101 119
108 104 129
113 107 131
121 113 137
125 119 147
126 124 153
132 129 163
134 130 170
143 135 180
150 139 186
158 144 189
159 154 199
168 162 203
171 168 209
174 175 217
181 178 223
186 179 230
192 183 238
193 190 248
203 191 252
212 200 259
217 205 268
222 209 272
229 215 281
238 218 287
240 227 294
241 236 301
250 237 303
258 241 309
267 245 318
269 253 324
271 254 329
274 258 339
282 266 349
286 271 351
293 274 360
300 283 364
305 292 365
308 298 368
311 301 370
67
7 7 4
12 15 9
13 22 13
23 26 19
30 31 25
37 35 28
42 43 36
47 44 38
57 47 46
58 54 51
61 64 58
70 72 62
77 74 68
87 79 72
96 84 76
102 94 78
107 101 84
113 103 88
122 104 89
124 114 98
131 118 99
135 120 104
144 121 106
149 123 107
154 129 115
160 139 121
170 147 126
173 149 134
178 155 144
180 156 147
188 160 156
191 167 160
192 169 169
200 175 170
210 185 173
220 195 182
230 205 189
235 206 190
243 207 192
246 210 198
249 220 202
252 226 204
259 229 208
264 232 218
269 239 226
274 241 236
282 248 244
288 258 250
290 259 252
294 265 256
301 274 266
307 282 275
315 284 279
323 288 285
325 298 293
330 307 300
340 316 305
349 319 309
359 322 310
364 327 320
370 335 326
375 341 329
385 348 336
388 354 346
390 357 352
399 366 357
409 374 366
22
6 4 9
16 8 17
21 14 21
22 18 26
30 21 29
34 27 34
35 31 37
39 33 39
47 40 42
52 48 44
57 53 54
66 58 58
68 67 60
72 69 70
75 73 73
80 76 77
85 83 81
89 88 83
93 92 89
99 96 94
102 99 98
108 106 108
85
8 9 6
11 16 7
19 17 8
21 19 12
28 27 20
36 37 21
38 38 30
43 43 34
51 52 44
52 53 51
59 57 60
60 67 64
62 73 72
72 81 82
78 88 92
84 91 97
88 100 101
94 108 105
100 114 113
103 120 122
104 125 123
113 127 131
118 134 140
119 144 150
128 145 160
133 153 163
139 163 171
146 167 173
156 172 178
159 182 184
163 189 191
167 198 193
174 203 199
180 205 205
190 211 214
193 212 221
200 213 228
208 214 236
211 219 240
221 229 244
222 238 253
232 245 257
240 247 258
250 252 264
251 254 273
254 259 283
259 264 288
264 273 296
270 282 306
272 285 311
274 286 318
282 296 321
283 305 325
293 307 334
300 312 343
301 314 344
306 319 352
312 327 361
318 337 369
325 338 373
334 347 379
338 351 380
348 358 387
356 363 389
358 371 397
360 374 405
370 382 414
374 384 424
381 387 431
388 391 433
392 397 443
402 399 447
411 405 456
416 414 464
417 418 472
422 425 476
427 430 480
430 440 485
435 443 492
444 450 501
445 460 503
455 470 504
462 475 509
464 480 511
473 484 516
68
5 10 2
15 18 11
20 26 20
23 34 27
33 39 37
42 45 43
52 53 44
58 55 46
66 61 54
74 62 64
80 69 70
87 79 75
95 84 81
103 85 91
106 90 99
109 93 107
119 100 115
126 108 119
132 118 126
137 127 132
143 131 142
149 141 143
159 145 153
160 151 161
163 158 165
166 168 173
174 177 176
184 185 182
187 195 191
194 197 196
197 205 203
199 208 213
208 218 217
212 227 225
214 236 233
219 242 243
221 250 251
230 252 252
233 254 255
241 260 262
248 269 263
255 279 268
264 285 273
268 291 283
270 297 288
272 305 291
275 314 300
281 323 306
283 328 314
293 337 323
298 340 325
300 343 334
306 347 337
316 348 346
319 356 353
327 363 356
336 369 358
339 370 368
343 377 369
350 381 375
359 390 383
369 397 387
372 403 392
381 411 399
385 419 403
389 421 411
398 427 419
402 433 425
14
6 7 3
13 14 9
20 15 17
22 18 22
30 23 27
39 33 30
46 39 31
50 40 38
51 49 41
57 50 51
61 60 59
66 70 60
74 80 66
80 88 68
75
81 54 68
226 193 213
249 206 237
238 203 226
389 330 380
73 45 56
166 141 147
119 90 110
70 41 53
109 81 103
258 218 249
134 113 126
294 247 274
351 292 347
74 49 66
162 133 146
210 177 197
104 72 96
297 249 287
100 71 94
95 66 88
279 233 263
197 169 185
110 83 108
43 21 34
253 216 248
142 114 133
178 158 158
128 106 123
214 185 201
300 254 296
212 184 198
280 239 264
372 317 360
193 166 179
60 38 52
274 226 257
387 326 372
311 266 321
222 191 209
173 150 152
52 30 43
188 162 166
322 272 325
332 283 344
378 320 363
24 13 14
357 302 348
304 259 305
91 56 85
192 164 175
235 199 220
5 1 1
54 31 47
323 275 334
318 271 324
42 18 31
152 124 138
15 5 13
240 204 234
289 244 271
305 260 314
125 96 120
358 308 358
296 248 282
202 171 191
84 55 76
316 267 322
364 312 359
8 3 10
341 291 346
251 211 243
32 14 23
395 335 386
266 222 250
92
91 132 111
304 334 341
113 154 125
201 260 228
228 278 268
37 52 36
21 27 26
208 271 246
315 339 356
100 142 114
361 392 399
360 384 397
186 244 211
27 35 28
169 216 183
497 555 509
375 406 419
437 486 465
495 545 507
234 279 274
219 277 259
251 285 283
132 172 149
417 463 455
12 11 18
284 317 318
273 301 303
17 20 20
149 194 170
325 342 372
430 472 460
76 107 84
404 454 451
205 263 236
269 300 293
165 209 179
192 245 219
293 331 333
48 77 62
261 293 284
171 218 190
414 456 453
122 159 130
99 135 113
488 536 506
241 281 276
81 110 88
391 434 430
295 333 340
421 467 456
342 360 383
392 440 440
129 169 140
146 184 166
31 45 32
67 98 79
311 338 349
440 496 467
275 308 313
476 526 488
9 7 8
434 479 464
450 504 468
60 97 76
86 123 107
335 352 380
195 253 226
287 324 328
350 370 387
388 432 429
47 69 56
39 53 44
384 422 423
480 533 498
158 200 174
128 165 134
371 400 409
209 275 253
280 310 315
138 179 158
397 449 445
379 416 421
42 61 50
109 152 123
85 120 98
359 374 393
172 226 194
318 341 363
177 234 202
57 87 70
459 511 476
466 521 485
66
10 8 6
19 18 14
25 28 20
30 35 24
40 40 34
43 46 37
51 55 46
53 56 47
61 62 53
67 68 56
77 73 64
85 77 67
87 79 68
96 86 69
106 94 75
111 95 78
116 97 79
125 104 83
129 110 84
134 112 94
136 116 102
141 119 110
143 123 119
148 130 124
157 136 133
166 141 142
176 147 144
180 148 148
188 154 154
191 158 161
200 160 169
209 162 175
210 171 177
211 179 184
220 181 189
226 183 197
233 189 200
235 199 206
238 207 213
242 213 218
252 216 219
261 226 228
270 231 238
280 233 245
282 241 255
289 244 262
299 249 265
301 257 273
308 258 277
313 264 279
322 272 282
323 277 291
324 283 298
329 291 306
335 297 311
343 304 315
346 307 323
354 316 330
362 319 335
368 325 336
378 330 341
380 339 349
385 346 355
386 351 360
390 355 361
394 364 366
94
129 157 150
222 236 233
333 372 367
346 388 372
43 39 35
117 147 143
188 222 210
457 517 465
72 84 69
145 179 162
215 234 225
371 415 386
65 72 57
243 268 267
465 523 476
324 359 357
104 135 124
158 195 182
281 313 310
111 138 133
156 193 172
444 504 450
354 397 374
238 257 255
205 232 222
122 150 146
394 437 414
223 239 241
146 183 170
197 225 220
255 280 283
228 245 246
426 468 438
389 429 407
288 331 326
407 455 426
382 424 401
90 109 93
38 29 26
277 308 309
87 107 90
271 300 299
239 266 260
336 380 369
44 49 39
405 446 417
182 213 201
139 167 159
381 417 391
363 414 379
441 495 449
76 92 77
14 10 9
263 293 291
175 207 195
471 536 493
168 204 184
100 134 115
143 169 161
28 22 23
56 64 49
434 476 442
416 461 429
17 12 11
470 534 485
313 343 335
286 322 316
469 524 481
304 341 334
66 82 65
10 3 6
315 351 346
360 406 377
48 54 40
439 485 446
86 101 86
314 349 341
147 187 171
322 357 353
325 366 363
99 128 111
234 247 252
246 277 272
174 206 187
296 338 331
245 276 270
254 278 273
18 20 13
454 510 460
343 383 371
93 118 102
459 522 469
262 283 287
396 444 416
58
125 119 147
143 135 180
193 190 248
54 39 54
282 266 349
171 168 209
108 104 129
238 218 287
64 45 74
113 107 131
158 144 189
174 175 217
26 15 31
18 7 13
100 92 117
308 298 368
222 209 272
217 205 268
87 74 103
126 124 153
92 80 107
274 258 339
269 253 324
181 178 223
305 292 365
99 87 109
267 245 318
229 215 281
258 241 309
121 113 137
105 101 119
240 227 294
134 130 170
168 162 203
271 254 329
212 200 259
58 42 64
69 54 83
311 301 370
132 129 163
20 8 23
159 154 199
186 179 230
72 64 88
10 4 2
37 34 46
34 24 40
150 139 186
47 35 49
203 191 252
192 183 238
80 67 94
286 271 351
241 236 301
300 283 364
250 237 303
17 6 10
293 274 360
87
70 88 92
254 296 305
337 356 387
63 67 71
361 374 404
161 173 212
364 384 413
223 259 274
122 123 157
138 136 174
192 206 236
115 116 155
168 181 222
158 164 202
342 366 396
398 412 446
213 238 259
106 104 129
221 251 272
182 198 229
391 401 434
351 373 398
16 9 6
202 216 246
87 95 110
293 317 341
410 423 460
66 78 87
392 402 440
300 327 345
429 442 474
459 476 491
108 110 139
284 308 339
332 355 381
79 89 100
18 17 15
125 128 161
312 338 359
40 44 53
30 35 52
443 455 486
210 231 255
450 464 488
225 264 275
422 436 471
249 293 297
416 427 469
437 451 479
9 7 5
229 266 283
455 468 489
215 241 268
26 30 44
152 153 191
258 298 312
375 394 421
317 346 366
132 131 169
383 399 427
151 151 185
207 223 248
468 486 496
439 453 482
467 481 493
233 275 286
368 386 418
148 141 177
155 159 194
176 191 227
304 334 351
322 348 372
54 58 63
23 18 24
274 305 331
109 112 149
408 417 450
260 301 317
96 98 119
25 26 41
53 53 62
240 283 293
264 302 324
46 45 57
65 76 79
24 25 31
407 416 449
34
3 7 1
13 10 8
15 12 15
16 22 23
25 25 30
32 34 31
39 44 41
42 50 48
49 53 53
58 58 57
67 65 65
72 73 74
82 79 84
92 80 92
93 86 102
96 96 112
97 105 120
101 107 129
108 111 132
114 112 138
118 114 147
128 118 148
132 121 149
135 124 155
140 126 160
149 136 170
151 141 178
156 145 187
162 147 189
172 152 195
177 159 203
182 168 205
188 177 214
193 182 224
20
6 8 5
12 15 13
22 19 17
28 25 25
29 29 34
37 31 44
44 32 54
51 42 57
53 43 66
55 46 71
62 55 77
64 63 85
65 68 87
67 75 89
77 76 94
83 77 102
87 78 112
89 86 118
92 87 127
100 88 129
31
5 4 1
10 13 10
18 21 12
20 28 20
25 36 27
33 43 34
34 48 35
37 58 38
43 62 44
52 71 47
61 78 48
65 88 52
73 90 61
75 95 65
80 100 67
85 105 75
87 112 76
97 114 77
98 120 84
99 124 92
100 133 97
110 134 98
112 135 103
117 136 109
121 146 115
131 147 125
135 152 134
137 162 136
140 169 137
143 173 143
147 176 145
76
2 10 5
10 13 14
12 15 19
16 19 24
23 21 25
24 22 32
27 23 40
32 27 41
35 37 48
43 39 52
52 48 54
58 57 63
64 63 73
65 72 77
75 79 78
77 84 83
87 90 86
97 92 93
102 99 98
107 105 104
110 108 108
115 116 118
116 125 127
123 130 135
127 134 140
134 141 146
142 142 147
145 152 153
150 160 163
156 161 170
159 169 174
167 175 180
172 184 190
177 185 199
185 188 202
195 190 204
203 195 206
207 203 216
208 206 217
213 209 222
220 212 227
226 222 232
236 225 238
243 235 239
253 238 246
261 243 251
265 244 253
266 246 262
272 251 263
280 260 273
285 268 283
287 270 292
289 274 295
294 278 296
304 284 301
306 292 305
314 299 315
317 304 320
323 305 326
330 310 327
340 314 334
344 318 336
348 328 343
351 333 346
353 338 351
358 342 358
361 352 365
367 356 366
375 361 376
377 366 383
379 376 386
383 383 394
386 392 402
387 401 408
394 407 418
396 414 422
100
134 105 148
346 328 358
235 232 263
437 399 443
409 369 422
244 246 278
42 27 40
36 25 31
335 312 351
97 70 94
155 136 176
85 54 77
137 110 155
534 501 574
267 254 296
196 183 212
158 145 182
503 479 539
201 190 217
236 234 268
261 253 295
102 72 103
175 156 186
284 263 313
65 45 66
397 360 412
420 380 430
334 306 345
466 430 474
527 496 558
373 348 387
147 123 165
473 445 486
216 210 240
318 297 336
395 358 405
54 41 54
519 489 551
166 152 184
309 294 333
343 326 357
427 390 436
412 378 429
231 226 255
27 15 24
10 5 7
366 344 381
290 278 320
178 163 194
110 73 109
496 469 529
492 464 525
483 459 510
5 4 4
487 462 515
326 304 341
448 421 454
341 318 353
446 416 453
23 11 16
285 268 315
75 46 72
90 58 84
381 351 388
206 207 230
480 456 500
186 173 199
50 37 45
530 497 565
148 129 174
296 288 324
357 339 366
195 181 207
365 341 375
14 6 12
139 116 156
224 221 253
239 242 271
404 366 417
348 336 361
114 77 114
280 256 306
203 198 223
458 424 464
221 216 249
63 42 64
306 289 325
133 100 139
131 95 136
440 409 448
253 248 287
510 487 544
424 381 433
471 440 478
390 355 396
91 67 87
123 91 129
122 84 123
479 455 492
276 255 304
58
150 139 186
203 191 252
282 266 349
143 135 180
192 183 238
274 258 339
132 129 163
37 34 46
20 8 23
99 87 109
311 301 370
72 64 88
271 254 329
121 113 137
193 190 248
80 67 94
18 7 13
222 209 272
34 24 40
10 4 2
308 298 368
26 15 31
105 101 119
87 74 103
181 178 223
58 42 64
92 80 107
47 35 49
134 130 170
238 218 287
159 154 199
267 245 318
54 39 54
100 92 117
126 124 153
300 283 364
69 54 83
305 292 365
125 119 147
293 274 360
240 227 294
217 205 268
286 271 351
229 215 281
212 200 259
168 162 203
258 241 309
64 45 74
171 168 209
241 236 301
269 253 324
108 104 129
174 175 217
158 144 189
250 237 303
113 107 131
17 6 10
186 179 230
81
7 5 5
13 9 13
19 14 18
29 16 27
33 24 32
43 29 36
53 39 45
60 44 52
61 45 57
67 55 58
74 56 67
84 63 77
91 71 84
101 78 85
108 87 89
110 93 94
112 98 97
118 99 105
119 105 108
128 109 116
129 119 118
134 129 126
139 139 129
142 144 131
143 145 136
153 155 141
162 162 146
170 169 156
174 175 166
179 182 173
186 187 179
191 196 189
199 205 199
205 212 203
208 219 205
218 228 214
225 236 218
232 241 220
236 249 228
239 254 232
241 258 234
243 268 244
244 272 250
248 277 259
251 279 264
258 288 272
260 292 274
269 297 282
274 307 285
283 314 293
291 323 300
292 327 309
299 330 311
309 332 315
318 333 324
326 334 334
327 338 339
336 343 344
344 345 349
353 350 353
355 351 356
358 356 365
363 365 367
365 367 374
369 376 377
370 379 378
373 389 384
378 391 393
386 400 394
390 404 398
395 412 405
397 421 406
403 431 411
405 441 415
414 442 422
423 452 428
430 455 434
439 463 441
448 473 448
454 481 455
462 485 456
40
1 9 8
11 12 9
15 18 14
22 23 22
30 24 26
38 31 34
46 37 37
56 40 45
58 44 51
63 52 52
72 56 60
76 60 63
83 61 65
85 65 66
89 67 74
93 75 84
99 85 90
107 87 96
115 90 106
118 92 110
128 96 112
131 97 114
137 103 119
147 113 123
150 123 133
155 124 141
157 133 143
166 140 146
171 148 151
181 156 154
189 163 161
197 170 165
198 178 166
200 187 173
206 189 182
207 195 192
209 200 198
212 210 204
221 216 208
225 218 210
98
169 139 111
550 559 498
176 150 120
21 20 11
87 67 40
487 491 453
239 228 210
548 549 496
10 7 1
456 465 435
149 122 94
29 29 12
157 130 104
101 74 51
541 544 493
359 389 347
300 294 268
81 58 33
471 480 448
56 41 23
172 146 116
520 515 473
419 430 394
451 458 428
317 308 288
371 392 354
209 196 179
558 568 500
538 534 492
249 241 218
346 364 319
289 288 252
294 293 261
407 418 377
63 46 24
191 160 134
198 176 156
358 384 340
218 205 182
428 439 406
527 521 477
123 93 73
537 527 485
225 211 191
413 425 385
324 318 298
230 219 200
243 235 216
398 404 368
200 180 165
258 255 230
100 71 47
197 173 147
438 444 413
185 155 123
309 307 283
114 84 64
138 113 84
190 156 129
128 107 82
404 410 373
71 52 30
305 303 277
335 336 306
513 511 472
509 507 466
439 445 417
91 70 44
192 164 138
141 114 88
268 261 238
442 448 424
126 97 81
503 500 460
256 246 226
381 393 357
46 38 22
330 333 304
37 32 21
19 11 4
284 278 250
480 489 450
420 431 399
274 270 242
165 136 107
207 189 175
465 475 442
389 399 358
351 370 328
234 220 205
340 354 318
327 326 301
357 378 330
108 76 57
369 390 352
458 473 439
494 494 455
337 345 310
20
55 46 71
12 15 13
89 86 118
100 88 129
53 43 66
65 68 87
77 76 94
83 77 102
29 29 34
22 19 17
92 87 127
51 42 57
64 63 85
37 31 44
67 75 89
62 55 77
28 25 25
87 78 112
44 32 54
6 8 5
52
2 5 4
3 11 11
13 21 18
19 23 25
23 30 28
31 32 36
34 36 40
39 39 50
47 41 58
53 45 61
55 55 62
63 60 68
64 67 78
66 72 85
73 76 90
82 85 95
90 88 99
94 92 106
103 100 115
104 106 122
109 110 124
119 111 130
124 114 133
129 124 135
136 134 140
141 136 142
145 140 144
146 141 149
150 147 156
151 151 165
153 157 175
157 163 176
159 172 180
165 180 190
175 189 199
181 194 200
184 196 210
190 200 214
197 204 216
203 214 219
213 223 226
223 225 229
227 228 235
231 229 236
234 237 244
238 247 246
242 255 251
251 264 261
258 268 265
264 269 269
271 277 279
281 281 286
75
32 14 23
42 18 31
322 272 325
280 239 264
197 169 185
5 1 1
134 113 126
222 191 209
125 96 120
240 204 234
297 249 287
81 54 68
296 248 282
358 308 358
100 71 94
84 55 76
311 266 321
251 211 243
173 150 152
266 222 250
289 244 271
389 330 380
274 226 257
318 271 324
279 233 263
202 171 191
73 45 56
162 133 146
119 90 110
294 247 274
210 177 197
110 83 108
387 326 372
193 166 179
104 72 96
300 254 296
128 106 123
351 292 347
142 114 133
226 193 213
43 21 34
249 206 237
74 49 66
91 56 85
15 5 13
235 199 220
332 283 344
238 203 226
54 31 47
166 141 147
152 124 138
70 41 53
304 259 305
192 164 175
323 275 334
212 184 198
364 312 359
24 13 14
372 317 360
378 320 363
305 260 314
357 302 348
258 218 249
316 267 322
253 216 248
52 30 43
95 66 88
178 158 158
214 185 201
60 38 52
395 335 386
188 162 166
109 81 103
8 3 10
341 291 346
62
9 6 7
18 11 17
19 16 25
20 22 35
21 27 44
27 34 47
33 36 53
37 44 61
43 53 69
46 59 73
55 65 83
60 75 86
61 78 96
68 83 105
73 87 108
75 90 116
81 91 121
91 99 124
100 105 127
109 112 130
119 119 140
124 121 147
132 128 155
141 133 156
151 140 162
159 149 165
165 156 167
170 160 172
173 161 174
181 165 176
188 167 182
190 173 192
192 181 193
197 183 196
205 185 197
207 192 205
209 195 207
215 198 213
218 200 222
228 206 223
229 215 229
231 216 231
241 222 235
245 232 236
247 240 241
251 249 246
261 253 250
262 260 258
263 268 267
268 277 271
273 279 276
277 288 277
285 289 284
293 299 285
301 306 288
302 312 290
310 317 296
312 324 299
316 331 308
326 338 310
333 344 318
342 353 321
40
221 216 208
1 9 8
63 52 52
30 24 26
225 218 210
131 97 114
206 189 182
22 23 22
209 200 198
128 96 112
72 56 60
85 65 66
147 113 123
198 178 166
197 170 165
171 148 151
115 90 106
150 123 133
15 18 14
83 61 65
181 156 154
137 103 119
118 92 110
89 67 74
93 75 84
56 40 45
212 210 204
200 187 173
11 12 9
46 37 37
38 31 34
189 163 161
157 133 143
76 60 63
166 140 146
107 87 96
58 44 51
155 124 141
207 195 192
99 85 90
94
10 3 6
14 10 9
17 12 11
18 20 13
28 22 23
38 29 26
43 39 35
44 49 39
48 54 40
56 64 49
65 72 57
66 82 65
72 84 69
76 92 77
86 101 86
87 107 90
90 109 93
93 118 102
99 128 111
100 134 115
104 135 124
111 138 133
117 147 143
122 150 146
129 157 150
139 167 159
143 169 161
145 179 162
146 183 170
147 187 171
156 193 172
158 195 182
168 204 184
174 206 187
175 207 195
182 213 201
188 222 210
197 225 220
205 232 222
215 234 225
222 236 233
223 239 241
228 245 246
234 247 252
238 257 255
239 266 260
243 268 267
245 276 270
246 277 272
254 278 273
255 280 283
262 283 287
263 293 291
271 300 299
277 308 309
281 313 310
286 322 316
288 331 326
296 338 331
304 341 334
313 343 335
314 349 341
315 351 346
322 357 353
324 359 357
325 366 363
333 372 367
336 380 369
343 383 371
346 388 372
354 397 374
360 406 377
363 414 379
371 415 386
381 417 391
382 424 401
389 429 407
394 437 414
396 444 416
405 446 417
407 455 426
416 461 429
426 468 438
434 476 442
439 485 446
441 495 449
444 504 450
454 510 460
457 517 465
459 522 469
465 523 476
469 524 481
470 534 485
471 536 493
94
246 277 272
262 283 287
197 225 220
470 534 485
469 524 481
65 72 57
100 134 115
271 300 299
457 517 465
188 222 210
174 206 187
382 424 401
158 195 182
441 495 449
254 278 273
322 357 353
405 446 417
434 476 442
38 29 26
381 417 391
87 107 90
426 468 438
281 313 310
28 22 23
182 213 201
147 187 171
48 54 40
346 388 372
315 351 346
255 280 283
465 523 476
93 118 102
222 236 233
389 429 407
245 276 270
407 455 426
336 380 369
111 138 133
168 204 184
17 12 11
416 461 429
139 167 159
363 414 379
44 49 39
454 510 460
215 234 225
263 293 291
18 20 13
145 179 162
14 10 9
286 322 316
354 397 374
156 193 172
175 207 195
314 349 341
459 522 469
343 383 371
304 341 334
439 485 446
228 245 246
90 109 93
122 150 146
205 232 222
56 64 49
86 101 86
371 415 386
444 504 450
234 247 252
104 135 124
66 82 65
313 343 335
296 338 331
396 444 416
99 128 111
324 359 357
471 536 493
360 406 377
129 157 150
223 239 241
146 183 170
72 84 69
277 308 309
288 331 326
325 366 363
333 372 367
238 257 255
76 92 77
43 39 35
117 147 143
10 3 6
394 437 414
143 169 161
243 268 267
239 266 260
89
214 247 214
227 263 229
26 9 17
154 203 166
360 398 380
418 462 439
121 169 134
57 83 73
422 479 446
178 217 188
164 213 169
52 63 66
55 73 70
332 374 342
339 383 360
302 343 320
140 180 155
186 228 201
287 328 298
42 52 49
282 319 290
76 109 85
32 32 33
69 94 76
318 355 328
399 444 415
442 501 475
258 290 257
50 58 58
412 459 430
375 419 399
369 414 398
217 248 218
308 345 325
79 126 96
193 231 203
92 142 107
245 273 242
421 470 441
134 177 148
226 256 219
59 86 75
328 360 331
292 337 317
170 215 179
248 281 247
127 172 141
146 185 160
47 55 52
430 480 455
382 422 400
31 23 29
333 378 352
272 306 275
84 133 100
289 329 308
343 391 370
100 148 116
78 116 86
38 40 40
8 6 12
331 367 339
440 491 474
364 400 387
206 239 207
132 175 146
447 509 485
453 513 486
75 99 81
152 193 163
185 220 195
383 430 402
351 397 372
409 452 425
17 7 13
390 437 409
5 4 3
107 154 122
267 296 266
40 49 47
114 164 129
81 127 98
277 313 281
435 487 465
368 405 390
266 292 261
236 267 237
27 16 22
200 235 204
20
28 25 25
62 55 77
44 32 54
92 87 127
87 78 112
22 19 17
83 77 102
55 46 71
100 88 129
51 42 57
37 31 44
6 8 5
89 86 118
65 68 87
67 75 89
29 29 34
53 43 66
77 76 94
12 15 13
64 63 85
