142
3840
1
2
4610
3
4
5380
5
6
6150
7
8
6920
9
10
7690
11
12
8460
9230
10000
529
1299
2069
2839
3609
4379
5149
5919
6689
7459
8229
8999
9769
298
1068
1838
2608
3378
4148
4918
5688
6458
7228
7998
8768
9538
67
837
1607
2377
3147
3917
4687
5457
6227
6997
7767
8537
9307
606
1376
2146
2916
3686
4456
5226
5996
6766
7536
8306
9076
9846
375
1145
1915
2685
3455
4225
4995
5765
6535
7305
8075
8845
9615
144
914
1684
2454
3224
3994
4764
5534
6304
7074
7844
8614
9384
683
1453
2223
2993
3763
4533
5303
6073
6843
7613
8383
9153
9923
452
1222
1992
2762
3532
4302
5072
5842
6612
7382
8152
8922
9692
221
991
1761
2531
3301
4071
4841
5611
6381
7151
7921
8691
9461
760
1530
2300
3070
