950
16140924731681204 518836105206646607
601 2
395 2
142 2
503 2
188 2
549 2
61 2
493 2
240 2
286 2
360 2
370963243057354888 473640920688839631
612 2
384 2
153 2
514 2
44038906905642390 785506883084625220
19 3
19 2
19 1
199 2
314025970587012272 26
72 2
482 2
364177867581345835 730437397513051537
251 2
297 2
429 2
120 2
166 2
525 2
373 2
823993188613451079 67567590037693099
471 2
960683072415985574 23
83 2
623 2
264 2
418 2
2257 3
66233047336663793 873428523182223
362 2
108204323698478793 25
536 2
131 2
309 2
177 2
460 2
94 2
275 2
33319029813845885 22
253539923747959828 389361952461824478
952007578856745165 403635855577528040
491420807016191481 32
407 2
58887515229333900 881785863991446431
351 2
144 2
501 2
547 2
397 2
166213605772615935 806128500113711375
10032 4
495 2
242 2
190641618788565145 23
288 2
17 1
668715709183131337 79484910743926059
75783792784120467 13
340 2
155 2
610 2
512 2
558 2
482417487877822613 25
386 2
17 3
17 2
176769874626062871 28
70 2
484 2
253 2
299 2
10043807334 8
122 2
523 2
375 2
181080727080884297 28
168 2
569 2
28 3
28 2
81 2
473 2
621 2
220 2
266 2
12716876436707 10
39 2
39 3
133 2
179 2
534 2
364 2
199892567752817743 845387271186105176
567533812984792310 951225315130374507
92 2
462 2
195336665117682727 13
1300457 5
231 2
409 2
277 2
605 2
293 2
560 2
338 2
507 2
754128013941688167 616266875872848330
195 2
229 2
58206 4
436 2
15 3
15 2
15 1
571 2
8895683141900842 12
498453489839 9
327 2
518 2
139745891605267742 45266288182758817
391 2
160 2
425 2
616 2
26 3
26 2
271 2
582 2
109 2
593568643250890780 27
529 2
190861359032324181 972414012992367592
316 2
173 2
380 2
414 2
812688465471648813 35
207 2
282 2
593 2
37 2
305 2
37 3
90 2
184 2
6662921197957 10
403 2
543086495584089265 71402496758332043
218 2
449 2
294908638412813167 831863519074420223
603 2
186 2
505 2
48 2
48 3
151 2
284 2
438 2
13 3
13 2
13 1
168739091415940515 26
260 2
491 2
329 2
197 2
7977549104035409 12
516 2
59 2
565563477593677078 521813512770413332
886768212557602473 666370821818214761
162 2
393 2
580 2
295 2
614 2
138168573225356807 58468528321121214
823267186826231997 459470353008699907
2264 3
427 2
668889040956156894 24
24 3
24 2
24 1
480 2
318 2
164 2
527 2
608401818461524394 657025994403334136
694796740236139257 32
382 2
416 2
262 2
209 2
591 2
625 2
572183730459 9
35 3
35 2
627508472061578963 703019805078053684
140148354729002808 288850252632970041
307 2
175 2
769 3
538 2
681459 5
140 2
371 2
405 2
273 2
842277084 7
214206263386295626 807572784333537240
311 2
357 2
564 2
39896951969401087 13
9 1
9 2
46 2
9 3
46 3
104 2
202 2
248 2
455 2
609 2
300 2
346 2
575 2
11 3
11 2
11 1
57 2
115 2
722861032198726257 856143202162877422
213 2
259 2
444 2
776294723803645352 534817980432450829
521753842676629553 25
290 2
540 2
586 2
335 2
128 2
22 3
22 2
22 1
983988474745649541 30
68 2
226 2
192 2
433 2
808756188620134278 16
32548919 6
479 2
997584102274730607 25
551 2
597 2
324 2
139 2
33 3
33 2
260892240382757038 206205056343754856
79 2
237 2
422 2
425974459658535136 177950595601382905
468 2
106 2
607 2
196337518399125935 26
313 2
313881544420483667 707101395397251245
208222834089652812 72600094793057087
198523142268255457 13
562 2
7 1
7 2
44 2
7 3
115412893832282 11
44 3
359 2
396838703608680132 669602699525881964
170 2
509 2
411 2
633593088257674169 16
457 2
204 2
117 2
5085869785466 10
302 2
573 2
895947717 7
14302071619539 10
55 2
55 3
17147155475696935 712095082489057948
348 2
181 2
516107613189973154 308340013199375732
400 2
446 2
215 2
618 2
100903958675635832 34
862780968728522075 28
292 2
584 2
20 3
20 2
66 2
12410479011409 10
337 2
904413653913484221 126512936241678622
228 2
194 2
20 1
435 2
993814597506066387 376758430743159232
595 2
31 3
31 2
17047659 6
77 2
326 2
952182473892527275 18
13938780566459 10
239 2
838976906144919069 334384696059800571
390 2
395907552653651837 216495800369436656
424 2
564310028879238099 18
353 2
522 2
5 1
5 2
42 2
88 2
5 3
42 3
100 2
399 2
819633579779427147 27
568 2
146 2
497 2
620 2
451 2
629915887573089463 23
244 2
342 2
533 2
53 2
99 2
53 3
111 2
895791667 7
388 2
579 2
157 2
300875979511540807 27
486 2
440 2
255 2
779200585337560646 185380783863180716
544 2
331 2
64 2
377 2
933039718003018143 21
124 2
475 2
258653954251295157 34
4362680945839782 12
222 2
756064557975940448 88187387757914462
980029307817168877 862949460213888799
268 2
555 2
320 2
75 2
863486788454303522 17
366 2
135 2
464 2
160001729100809759 100165321202522587
233 2
279 2
355 2
566 2
3 1
3 2
3 3
520 2
86 2
102 2
746627529803203506 575134154645811318
148 2
170908438542293168 21
453 2
499 2
200 2
2007 3
40 2
40 3
657107313257792557 340202819097300968
246 2
81659730003725811 18
735789037775742900 33
344 2
577 2
29424816184751236 485969720294594581
531 2
97 2
113 2
159 2
16141467 6
442 2
488 2
211 2
51 2
51 3
257 2
588 2
333 2
848823373075886861 468960089376263046
818563022636745205 15
542 2
541228403110355083 408658758266223533
126 2
379 2
431 2
477 2
487707 5
62 2
190 2
242575755752013163 18
224 2
599 2
322 2
553 2
223508188561191709 13
137 2
368 2
420 2
466 2
73 2
436938024438570681 698410458210136801
19958255217 8
10559035407 8
235 2
1 1
1 2
1 3
1275382 5
319 2
372 2
165 2
481 2
526 2
172311184460763167 28
84 2
956525698585973632 33
263 2
624 2
590 2
417 2
334220678008796164 756592129369424480
361 2
308 2
470 2
537 2
130 2
415474219 7
176 2
95 2
274 2
406 2
132020920257421252 826218374368227084
85537584325486229 620398602402588225
684093621207084321 15
350 2
600 2
143 2
189 2
502 2
548 2
396 2
217787440270057099 13
60 2
494 2
241 2
287 2
23884663032728187 729685805310140427
611 2
513 2
559 2
154 2
385 2
18 3
794908775988713238 39169256026598542
18 2
18 1
71 2
483 2
252 2
298 2
810113815457834011 31
374 2
121 2
524 2
864724508964914039 633480862731648904
29 3
29 2
167 2
82 2
472 2
622 2
8894599883542967 12
265 2
402822659 7
511011491203556563 723941937844760465
419 2
1007 3
363 2
887179567084581470 27
132 2
178 2
535 2
93 2
461 2
36610182 6
230 2
276 2
247655518674178150 201542815098628202
408 2
500012409585411016 88775931584847946
228035689896175511 622939079888826695
847752393485864616 293103969525397365
352 2
500 2
631568980776796527 19
546 2
768455728788540464 173307759035464556
12400713932034 10
398 2
145 2
850661402049669946 28
450 2
496 2
958570005197213728 523805008230143110
243 2
46344844 6
289 2
16 2
190734478909 9
16 1
341 2
511 2
557 2
110 2
387 2
156 2
16 3
485 2
104260446939944577 13
2267 3
539112678744291452 318255910567353035
254 2
25042 4
14299685543126717 14
27 2
397227353822173105 33
108 2
270 2
583 2
77599343225723864 788249373281874165
315 2
930812156651204437 302260018989468305
27 3
80 2
172 2
413 2
206 2
459 2
38 3
119 2
133181355161794356 661598077242716221
281 2
594 2
194669074880577284 13
304 2
38 2
91 2
7029293123948536 24
183 2
19494 4
402 2
217 2
448 2
49 3
682249586746515721 420344134744181918
604 2
294 2
786709831183292122 350305395001302364
104070017151067957 13
644034 5
185 2
506 2
339 2
49 2
121500597231130214 13
529981167681695796 183728994655293868
150 2
437 2
817822710 7
14 3
14 2
14 1
570 2
490 2
597247608910627852 167384290663471257
517 2
196 2
328 2
3210941912630592 12
161 2
392 2
615 2
426 2
446534579278450623 27
25 3
25 2
25 1
272 2
581 2
621327181113796540 414139723481892504
272212798423497812 715549589580519430
163 2
317 2
528 2
162597511332041129 17
381 2
415 2
208 2
46544031157276019 458893311223325617
36 3
36 2
377200348557549540 32
283 2
592 2
163678762921881637 380693449851329978
812980209 7
174 2
306 2
539 2
572105761409 9
370 2
404 2
219 2
602 2
250 2
394 2
141 2
504 2
47 2
688706635525083202 544132511690199379
187 2
47 3
439 2
285 2
2274 3
12 3
12 2
206358063271418122 21
12 1
613 2
261 2
383 2
492 2
515 2
152 2
32518341 6
58 2
198 2
262672867396258656 715886739525401948
757 3
279063561904588660 25
428 2
296 2
496398567917 9
334 2
32705219 6
127 2
587 2
23 3
98699510073916207 481424589480223970
23 2
23 1
541 2
69 2
432 2
478 2
191 2
429066308240415997 18
225 2
124918561150842 11
323 2
369 2
99805183186822032 13
138 2
598 2
34 3
34 2
552 2
99339853694630157 13
25707 4
914145157 7
421 2
467 2
64689833390967550 31
236 2
7756306917441657 12
563 2
105 2
750530403988051141 160771965311893902
312 2
8 1
8 2
45 2
8 3
45 3
210061105845046267 777685588393180366
358 2
203 2
249 2
456 2
410 2
250047356149875163 504666946118321482
922452509282321120 19
559507942795 9
608 2
574 2
619 2
256066692658 9
116 2
301 2
10 3
10 1
10 2
24088308582 8
56 2
849715052380792841 529079538748456877
347 2
214 2
445 2
26957 4
180 2
4164316686198909 12
129 2
585 2
909254340854319771 962531035299634853
21 3
21 2
21 1
291 2
67 2
336 2
193 2
193061445180157078 68074885660593769
227 2
434 2
534315428265226653 528352575566767094
550 2
596 2
32 3
32 2
78 2
325 2
238 2
423 2
13453337 6
469 2
765787438069625082 452675758058840364
606 2
107 2
561 2
650169 5
6 1
6 2
43 2
89 2
6 3
43 3
314 2
508 2
171 2
412 2
623622766132873438 31
458 2
205 2
281867764447314080 817726671411716228
118 2
280 2
572 2
54 2
54 3
303 2
349 2
519 2
618106784648358272 917446042390879990
182 2
401 2
20882778687408642 729991233473713581
117391338402879630 23
447 2
10639282535274466 347419051739481003
165354401822707 11
216 2
617 2
330 2
319527641024082687 35163024526069613
65 2
545 2
376 2
123 2
169 2
474 2
16267917 6
221 2
267 2
860859719039497782 23
510 2
30 3
76 2
556 2
365 2
134 2
224093087714889027 90338764181753085
463 2
30 2
232 2
278 2
10546744571888663 884230367712523339
354 2
521 2
443958927034702103 987064360981401780
4 1
4 2
4 3
41 3
87 2
147 2
567 2
101 2
94202144527343173 25
498 2
452 2
41 2
6681768728592 10
245 2
35681190331176415 22
343 2
532 2
52 3
279349133088780828 247068723070046640
98 2
578 2
222525276041698909 13
112 2
158 2
389 2
487 2
210 2
441 2
52 2
256 2
332 2
543 2
125 2
589 2
286661974700867581 87644805917815738
378 2
57575037301898002 135446191687114755
446983135488098222 15
476 2
103346425861816657 13
63 2
430 2
799342855547709936 523373189228036445
87586615950851512 28
223 2
269 2
321 2
554 2
136 2
16657044 6
367 2
38274573731891531 17
465 2
10680916657 8
74 2
234 2
310 2
356 2
149 2
565 2
2 1
2 2
2 3
499182996883134553 996735162656947811
368924400908452415 16
911417707 7
103 2
454 2
201 2
85 2
478411485315952157 93454734051435658
247 2
345 2
576 2
840426247550793101 345376393924036480
530 2
114 2
443 2
489 2
212 2
50 2
96 2
50 3
258 2
