7
5
5 0
5 0
5 1
4 0
1 0
3
2 4
11 0
4 4
1
1000 1000
1
1000 0
1
1 1000
100
1000 0
1000 0
1000 0
1000 0
1000 0
1000 0
1000 0
1000 0
1000 0
1000 0
1000 0
1000 0
1000 0
1000 0
1000 0
1000 0
1000 0
1000 0
1000 0
1000 0
1000 0
1000 0
1000 0
1000 0
1000 0
1000 0
1000 0
1000 0
1000 0
1000 0
1000 0
1000 0
1000 0
1000 0
1000 0
1000 0
1000 0
1000 0
1000 0
1000 0
1000 0
1000 0
1000 0
1000 0
1000 0
1000 0
1000 0
1000 0
1000 0
1000 0
1000 0
1000 0
1000 0
1000 0
1000 0
1000 0
1000 0
1000 0
1000 0
1000 0
1000 0
1000 0
1000 0
1000 0
1000 0
1000 0
1000 0
1000 0
1000 0
1000 0
1000 0
1000 0
1000 0
1000 0
1000 0
1000 0
1000 0
1000 0
1000 0
1000 0
1000 0
1000 0
1000 0
1000 0
1000 0
1000 0
1000 0
1000 0
1000 0
1000 0
1000 0
1000 0
1000 0
1000 0
1000 0
1000 0
1000 0
1000 0
1000 0
1000 0
100
168 430
628 152
865 182
61 515
289 172
656 702
724 1
932 617
923 749
240 915
998 161
519 859
251 172
831 621
262 670
234 734
120 387
438 232
68 735
791 369
997 450
595 731
159 919
440 969
177 178
237 353
957 605
895 827
363 539
134 291
582 170
751 362
983 261
793 988
847 488
422 871
805 446
5 834
967 642
871 933
727 161
407 327
952 967
704 664
829 284
770 24
907 816
361 250
35 96
889 844
699 672
490 475
979 377
241 538
741 476
753 149
934 8
825 392
837 320
618 669
891 337
858 488
329 860
917 116
133 808
200 74
6 100
200 607
918 610
709 876
515 408
180 831
105 350
911 407
227 905
799 958
816 2
655 589
792 602
698 372
506 633
660 267
853 910
128 916
3 672
111 418
647 409
588 579
399 711
722 124
448 0
730 838
874 100
928 630
104 818
305 74
794 840
94 53
108 544
188 775
